 0.77427554E+00  0.68597317E+00  0.11202576E+01  0.69465870E+00  0.65625328E+00  0.54524606E+00  0.53426015E+00  0.50117201E+00 -0.27454078E-01  0.55322605E+00
-0.66526711E-01  0.63570446E+00 -0.48000764E-01  0.57503945E+00 -0.50485387E-01  0.58351451E+00 -0.30602319E-01  0.61145771E+00 -0.13085829E+00  0.20163296E+00
 0.29501349E+00 -0.23440120E+00 -0.14037010E+00  0.94153538E-01 -0.20834364E-01 -0.45630079E-01 -0.79115018E-01  0.75362273E-02 -0.80881146E-03 -0.24540760E+00
 0.10658565E+00 -0.80571912E-01 -0.74740306E-01  0.14789962E-01  0.38577907E-01  0.64538252E-02 -0.50572116E-01  0.16928168E+00  0.10773315E+00  0.24244545E+00
-0.10326978E-01  0.27842763E+00  0.15340349E+00 -0.10726474E+00  0.24333498E-01 -0.47293652E-03  0.23929566E-01 -0.24365565E-01  0.32305561E-01  0.12227736E+00
-0.10590251E-01 -0.26805906E-01  0.38425045E-04  0.54980990E-01  0.73062181E-02 -0.12968495E+00  0.25234718E-02  0.83213476E-02 -0.17731972E-01 -0.28037610E-01
 0.38363703E-01 -0.59041623E-01  0.46447061E-01 -0.11923651E+00 -0.15781270E-01 -0.10428612E+00 -0.54993898E-01  0.12945475E+00 -0.59115637E-01  0.61605750E-02
-0.34860131E+00 -0.21883990E+00 -0.61322838E-01 -0.17568396E+00 -0.61378784E-01  0.24041030E+00 -0.28558755E-02  0.83086789E-02 -0.41982528E-01  0.97341888E-01
 0.17408712E-01 -0.12646474E+00 -0.79087161E-01 -0.82709985E-02  0.90803720E-01  0.48064083E+00 -0.91868475E-01 -0.21158029E+00  0.30405277E-01  0.64262755E-01
 0.92824340E-01  0.34907874E-01 -0.25320148E-01  0.12918591E+00 -0.11219644E-01  0.10507651E+00 -0.24339025E+00  0.43984190E+00  0.38938168E-01  0.13561192E-01
 0.10044137E+00  0.18370926E+00 -0.20524006E+00  0.50813239E-01 -0.18209184E-01  0.40323168E-01 -0.14730911E+00  0.20915489E+00  0.26439336E+00  0.85316159E-01
 0.27427608E-01 -0.18168110E+00 -0.45449236E+00  0.83207907E-02  0.27026021E+00  0.51804330E-01  0.66753276E-01 -0.12591667E+00  0.14261723E-01  0.15064575E+00
-0.13381742E+00  0.81695402E-02  0.23029202E+00 -0.83216131E-02  0.10348675E+00 -0.24501795E-01  0.20357865E+00  0.29550705E-01
 0.10778807E+00  0.13509440E+00  0.14549214E+00  0.85251935E-01  0.26125807E-01  0.23593383E-01  0.58059026E-01  0.38188111E-01  0.27481709E-01  0.33589486E-01
 0.16632162E-01  0.24989171E-01  0.17403807E-01  0.28160727E-01  0.30155536E-01  0.39105024E-01  0.28818659E-01  0.58190431E-01  0.11564407E+00  0.14384879E+00
 0.99843405E-01  0.25513014E+00  0.30971762E-01  0.48236083E-01  0.46899289E-01  0.45130733E-01  0.52298475E-01  0.22037286E-01  0.52532284E-02  0.54694865E-01
 0.68985417E-01  0.17567407E+00  0.59065424E-01  0.17551264E-01  0.21120626E-01  0.44762772E-01  0.46036415E-01  0.44192947E-01  0.51783025E-01  0.45836534E-01
 0.45202706E-01  0.59789967E-01  0.44513952E-01  0.57374407E-01  0.17741377E-01  0.48690904E-02  0.41307628E-01  0.60968589E-01  0.60167149E-01  0.54858349E-01
 0.66264734E-01  0.29476993E-01  0.68602199E-02  0.69224842E-01  0.87206624E-01  0.32078025E+00  0.82322352E-01  0.23437029E-01  0.23292381E-01  0.55411637E-01
 0.59837539E-01  0.57315618E-01  0.70624284E-01  0.59116073E-01  0.60393926E-01  0.72414480E-01  0.57731260E-01  0.69105752E-01  0.27488410E-01  0.64662821E-02
 0.14609168E+00  0.35668623E-01  0.39667252E-01  0.39423723E-01  0.39035168E-01  0.47269456E-01  0.19621827E-01  0.48575127E-02  0.58528468E-01  0.65896615E-01
 0.19769779E+00  0.56153454E-01  0.16354350E-01  0.15673574E-01  0.37181426E-01  0.43381725E-01  0.43542806E-01  0.50659332E-01  0.51727533E-01  0.43503162E-01
 0.66455372E-01  0.45304470E-01  0.49332473E-01  0.22385400E-01  0.39045301E-02  0.26501602E+00  0.59618843E+00  0.30528817E+00  0.10353830E+00  0.80687813E-01
 0.98953582E-01  0.11233509E+00  0.10908852E+00  0.43885451E-01  0.98226983E-02  0.12257377E+00  0.11703853E+00  0.32616764E+00  0.12987080E+00  0.40667579E-01
 0.34365855E-01  0.83567210E-01  0.16551128E+00  0.99693477E-01  0.11411962E+00  0.14244537E+00  0.90595029E-01  0.15960667E+00  0.99825747E-01  0.13514137E+00
 0.71881756E-01  0.91174673E-02  0.80152713E-01  0.94777189E-01  0.11210068E+00  0.38685292E-01  0.34136008E-01  0.12940416E+00
 0.12800000E+03 -0.27774678E+05  0.11657140E+01 -0.27641308E+05  0.11003484E+01  0.55805356E+05  0.56585358E+05  0.56178646E+05  0.25329569E+03  0.17700000E+03
 0.14727238E-03  0.10530784E+01  0.98337966E+00  0.97323843E+00  0.11474243E-01  0.81008950E-02  0.14543955E-01  0.10000000E+01  0.22532962E-01  0.21218363E-05
