 0.77515036E+00  0.68095738E+00  0.11210160E+01  0.69689608E+00  0.65610075E+00  0.54580182E+00  0.53421777E+00  0.50071400E+00 -0.26765762E-01  0.55267388E+00
-0.67138530E-01  0.63610864E+00 -0.48010539E-01  0.57481176E+00 -0.50239671E-01  0.58325684E+00 -0.30379184E-01  0.61157233E+00 -0.13819094E+00  0.19691263E+00
 0.23927020E+00 -0.13751110E+00 -0.14193210E+00  0.92288271E-01 -0.23890175E-01 -0.45910280E-01 -0.79742596E-01  0.86884899E-02 -0.14616778E-02 -0.24624999E+00
 0.10759278E+00 -0.82351677E-01 -0.74551813E-01  0.19862320E-01  0.40946200E-01  0.11876873E-01 -0.50995715E-01  0.16860610E+00  0.11016948E+00  0.24260511E+00
-0.94602462E-02  0.27787873E+00  0.15282053E+00 -0.10724437E+00  0.24677370E-01 -0.21933925E-02  0.25751859E-01 -0.23646936E-01  0.32208573E-01  0.12265984E+00
-0.10275082E-01 -0.26860930E-01  0.17927094E-03  0.55006672E-01  0.68708095E-02 -0.12337976E+00  0.31311305E-02  0.10572739E-01 -0.22184156E-01 -0.36173102E-01
 0.38811721E-01 -0.58687542E-01  0.43450307E-01 -0.12068576E+00 -0.16452713E-01 -0.10507149E+00 -0.54356277E-01  0.12752098E+00 -0.59289135E-01  0.86064143E-02
-0.35578239E+00 -0.22117949E+00 -0.63683048E-01 -0.16936032E+00 -0.62086247E-01  0.23759161E+00 -0.26405954E-02  0.78821797E-02 -0.44499446E-01  0.10207453E+00
 0.22154614E-01 -0.12556912E+00 -0.51626295E-01 -0.10113998E-01  0.93760863E-01  0.48407263E+00 -0.95708422E-01 -0.21331303E+00  0.35696477E-01  0.65986305E-01
 0.92220299E-01  0.33619095E-01 -0.22370685E-01  0.12902190E+00 -0.12253261E-01  0.10426681E+00 -0.26640344E+00  0.41511047E+00  0.36749993E-01  0.13473171E-01
 0.85510299E-01  0.18611771E+00 -0.19614592E+00  0.48592515E-01 -0.16959930E-01  0.44431768E-01 -0.15134183E+00  0.19754148E+00  0.25965282E+00  0.42828377E-01
 0.31354588E-01 -0.18125236E+00 -0.44679847E+00  0.99074636E-02  0.26901439E+00  0.44293389E-01  0.65612257E-01 -0.12349872E+00  0.16646013E-01  0.14855714E+00
-0.13177639E+00  0.87048765E-02  0.22765501E+00 -0.52861781E-02  0.99793240E-01 -0.22843268E-01  0.20681988E+00  0.35927638E-01
 0.10774159E+00  0.13356082E+00  0.14592369E+00  0.83526671E-01  0.26006978E-01  0.23537323E-01  0.57892054E-01  0.38155012E-01  0.27444115E-01  0.33686329E-01
 0.16636545E-01  0.25013786E-01  0.17406601E-01  0.28166344E-01  0.30169915E-01  0.39071061E-01  0.28786754E-01  0.58256000E-01  0.11527959E+00  0.14410090E+00
 0.10088857E+00  0.24917425E+00  0.30941790E-01  0.48120610E-01  0.46609093E-01  0.45135722E-01  0.52191019E-01  0.22007834E-01  0.52473247E-02  0.54555885E-01
 0.68963028E-01  0.17514266E+00  0.59032083E-01  0.17277487E-01  0.21209454E-01  0.44889189E-01  0.45986652E-01  0.44168301E-01  0.51716574E-01  0.45768421E-01
 0.45112047E-01  0.59715204E-01  0.44364117E-01  0.57169847E-01  0.17728141E-01  0.48741559E-02  0.41288361E-01  0.60921758E-01  0.59790336E-01  0.54841667E-01
 0.66222966E-01  0.29510928E-01  0.68596690E-02  0.69032773E-01  0.87026380E-01  0.32273820E+00  0.82343780E-01  0.23219965E-01  0.23553485E-01  0.55612229E-01
 0.59886180E-01  0.57364266E-01  0.70451811E-01  0.59049539E-01  0.60292687E-01  0.72521739E-01  0.57604205E-01  0.68755716E-01  0.27545527E-01  0.64866231E-02
 0.14714509E+00  0.35956949E-01  0.39578453E-01  0.39624013E-01  0.39307404E-01  0.47479011E-01  0.19700008E-01  0.48804963E-02  0.58889430E-01  0.65874010E-01
 0.19827655E+00  0.56467660E-01  0.16202349E-01  0.15875142E-01  0.37351258E-01  0.43574315E-01  0.43676574E-01  0.51207285E-01  0.52012458E-01  0.43735135E-01
 0.66709578E-01  0.45530021E-01  0.49444444E-01  0.22446141E-01  0.39051182E-02  0.27290893E+00  0.62158340E+00  0.29780245E+00  0.10496614E+00  0.80587380E-01
 0.97174607E-01  0.11523069E+00  0.10704512E+00  0.44096991E-01  0.96866470E-02  0.12546079E+00  0.11710250E+00  0.32535550E+00  0.12952054E+00  0.34745824E-01
 0.36695521E-01  0.85781462E-01  0.16286547E+00  0.10070542E+00  0.11329773E+00  0.14786850E+00  0.90263292E-01  0.16395494E+00  0.10094136E+00  0.13707508E+00
 0.72991811E-01  0.10290870E-01  0.78157030E-01  0.92573412E-01  0.11014237E+00  0.39003462E-01  0.34308519E-01  0.12772803E+00
 0.12800000E+03 -0.27781652E+05  0.11649266E+01 -0.27646607E+05  0.10998860E+01  0.55819305E+05  0.56599307E+05  0.56192594E+05  0.25653327E+03  0.17700000E+03
 0.86520868E-04  0.10528509E+01  0.98264596E+00  0.97205705E+00  0.11715166E-01  0.83957741E-02  0.14758583E-01  0.10000000E+01  0.22668884E-01  0.19797346E-05
