 0.77132422E+00  0.66150731E+00  0.11113245E+01  0.65664917E+00  0.54813457E+00  0.53047025E+00  0.49770668E+00 -0.67634873E-01  0.63627017E+00 -0.49360324E-01
 0.57505029E+00 -0.49663663E-01  0.58352357E+00 -0.28458295E-01  0.61013114E+00  0.18577969E+00 -0.12082867E+00  0.24851708E+00 -0.14260060E+00 -0.70234695E-02
 0.25420468E-01 -0.12895611E-01  0.41388996E-01  0.12068485E+00 -0.24847750E-01 -0.30925721E-01  0.39605766E-04  0.63337110E-01  0.22104319E-01 -0.10883977E+00
-0.98696556E-02  0.21208271E-01 -0.22177003E-01 -0.31799689E-01  0.14593222E-01 -0.66358842E-01  0.67153156E-01 -0.10004745E+00 -0.54060712E-01 -0.86721845E-01
-0.58787975E-01  0.12217500E+00 -0.58926091E-01  0.67840624E-02 -0.10961866E+00 -0.14097016E+00  0.81427775E-01 -0.34954179E-01 -0.42271994E-01 -0.58025993E-01
 0.13023155E-01 -0.92666963E-03 -0.25680560E+00  0.78924917E-01 -0.95194452E-01 -0.54114919E-01  0.49021817E-02  0.42678550E-01  0.16093109E-01 -0.10431779E-01
 0.18009007E+00  0.73151700E-01  0.20797463E+00  0.52635275E-01  0.24641706E+00  0.15902367E+00 -0.96254937E-01  0.24389088E-01 -0.16471036E-02 -0.36690956E+00
-0.64353724E-02 -0.22050138E+00 -0.64553648E-01 -0.17153770E+00 -0.62000006E-01  0.23816966E+00 -0.29270030E-02  0.79220720E-02 -0.47108412E-01  0.10253155E+00
 0.16110471E-01 -0.12787241E+00 -0.57460763E-01 -0.98681673E-02  0.89707293E-01  0.48383152E+00 -0.92259340E-01 -0.21091492E+00  0.37320718E-01  0.65524139E-01
 0.96723907E-01  0.37133355E-01 -0.24249544E-01  0.12983762E+00 -0.11411058E-01 -0.33954468E+00  0.13735534E+00  0.41990560E+00  0.34187373E-01  0.42056482E-01
 0.10592160E-01  0.98780893E-01  0.19690317E+00 -0.19633697E+00  0.47119077E-01 -0.17065458E-01  0.56214429E-01 -0.15502256E+00  0.19943270E+00  0.26663405E+00
 0.53476457E-01  0.28182922E-01 -0.18038559E+00 -0.44407386E+00 -0.98841777E-03  0.26680639E+00  0.28071720E-01  0.65469109E-01 -0.14380403E+00  0.59062475E-02
 0.16541159E+00 -0.13822298E+00  0.83799819E-02 -0.13320105E+00  0.62436588E-01  0.10191550E+00  0.10014554E-01  0.18978557E+00 -0.20489922E-01  0.20512305E+00
 0.33329014E-01  0.68109834E+00 -0.17203055E-01  0.54926044E+00
 0.10305206E+00  0.11950562E+00  0.14248402E+00  0.26481077E-01  0.24090171E-01  0.59183747E-01  0.38193889E-01  0.16602810E-01  0.24967436E-01  0.17540384E-01
 0.28164992E-01  0.29687669E-01  0.39037548E-01  0.28193060E-01  0.57433553E-01  0.14298937E+00  0.10936194E+00  0.10107399E+00  0.26026735E+00  0.95517650E-01
 0.41389905E-01  0.59756525E-01  0.59759751E-01  0.54656364E-01  0.67052513E-01  0.28710842E-01  0.65592914E-02  0.68939887E-01  0.86120002E-01  0.32367012E+00
 0.81624649E-01  0.24130097E-01  0.23574455E-01  0.55363320E-01  0.60511641E-01  0.57598040E-01  0.71306981E-01  0.59015911E-01  0.60933314E-01  0.72448686E-01
 0.56922667E-01  0.69021471E-01  0.27596269E-01  0.63251471E-02  0.74620433E-01  0.30438041E-01  0.45937169E-01  0.45395888E-01  0.43116756E-01  0.50242484E-01
 0.20476099E-01  0.47858632E-02  0.52603215E-01  0.66468947E-01  0.18686499E+00  0.55476651E-01  0.17117383E-01  0.20662013E-01  0.42964675E-01  0.44357523E-01
 0.43030068E-01  0.50558213E-01  0.44290595E-01  0.43698914E-01  0.58442965E-01  0.42451758E-01  0.54837834E-01  0.16985299E-01  0.47360705E-02  0.17408049E+00
 0.47331318E-01  0.38184840E-01  0.40048040E-01  0.39979640E-01  0.39509334E-01  0.47102153E-01  0.19824870E-01  0.48961118E-02  0.64357936E-01  0.65342993E-01
 0.20061290E+00  0.56563936E-01  0.16353801E-01  0.16422242E-01  0.37526481E-01  0.43218415E-01  0.47771405E-01  0.50302811E-01  0.52395750E-01  0.43982487E-01
 0.67889087E-01  0.48460431E-01  0.50108779E-01  0.22675155E-01  0.39427145E-02  0.69744569E+00  0.38018927E+00  0.30512777E+00  0.92459619E-01  0.11749188E+00
 0.82529388E-01  0.10681602E+00  0.12575078E+00  0.10942464E+00  0.48229106E-01  0.98198103E-02  0.16088195E+00  0.11833791E+00  0.33754832E+00  0.13086815E+00
 0.41350704E-01  0.41286476E-01  0.87865718E-01  0.16450031E+00  0.12408918E+00  0.11809389E+00  0.15700309E+00  0.10557902E+00  0.17921218E+00  0.12179627E+00
 0.15068327E+00  0.79860665E-01  0.10145953E-01  0.76213181E-01  0.45293141E-01  0.10801481E+00  0.87531261E-01  0.72529696E-01  0.41736491E-01  0.34507215E-01
 0.13268879E+00  0.79133980E-01  0.26504673E-01  0.34038637E-01
 0.13400000E+03 -0.27662163E+05  0.11884196E+01 -0.27526129E+05  0.11144527E+01  0.55592327E+05  0.56408892E+05  0.55983114E+05  0.25674278E+03  0.18100000E+03
 0.18183092E-03  0.10596926E+01  0.98395585E+00  0.97385069E+00  0.11305558E-01  0.79332805E-02  0.14360970E-01  0.10000000E+01  0.22018950E-01  0.14868674E-05
