 0.69937360E+00  0.67907661E+00  0.53528482E+00  0.55278045E+00  0.46865523E+00  0.55621499E+00  0.63196468E+00  0.57465106E+00  0.58047432E+00  0.61530620E+00
-0.16520829E+00  0.31908911E+00  0.21968907E+00  0.31231953E-01 -0.14193930E+00  0.95090337E-01 -0.42064535E-02 -0.12567620E-01 -0.88260435E-01  0.10871322E-01
-0.14288607E-02 -0.23116836E+00  0.10262172E+00 -0.11749467E+00 -0.92035063E-01  0.26459362E-01  0.43097459E-01  0.15674938E-01 -0.43934107E-01  0.17307502E+00
 0.10257375E+00  0.23306884E+00 -0.96598370E-02  0.26426247E+00  0.14660478E+00 -0.89552984E-01  0.20680649E-01  0.13096162E-03  0.34972202E-01 -0.37055138E-01
 0.73178769E-02  0.87349787E-01  0.34856973E-02 -0.45552041E-01  0.22436944E-02  0.40357187E-01  0.22676470E-01 -0.63666590E-01  0.56993417E-01  0.37895488E-02
-0.36358651E-01 -0.50724868E-01  0.33607174E-01 -0.98503277E-01  0.82096994E-01 -0.14298719E+00 -0.17292913E-01 -0.11282591E+00 -0.60966354E-01  0.13083541E+00
-0.76049820E-01  0.44499980E-02 -0.46548846E+00 -0.23537791E+00 -0.51966891E-01 -0.16336323E+00 -0.53637069E-01  0.22791539E+00 -0.63892017E-03  0.73758704E-02
-0.66087030E-01  0.11025532E+00 -0.62715006E-02 -0.13975462E+00 -0.48330694E-01 -0.68507935E-02  0.95506720E-01  0.48183471E+00 -0.73498845E-01 -0.20344649E+00
 0.56728274E-01  0.63369356E-01  0.11774532E+00  0.49584404E-01 -0.28887033E-01  0.12794340E+00 -0.11186274E-01  0.34655583E+00 -0.80500400E+00  0.60460621E+00
 0.12263826E+00 -0.14933126E-01  0.12019171E+00  0.23227222E+00 -0.22455955E+00  0.17631214E-01 -0.15508921E-01  0.10953089E+00 -0.17264937E+00  0.23576094E+00
 0.33979738E+00  0.49544487E-01  0.56628752E-02 -0.23253407E+00 -0.51628023E+00 -0.65836012E-01  0.34508163E+00 -0.81265032E-01  0.50576895E-01 -0.25023356E+00
-0.49862947E-01  0.24505436E+00 -0.20232169E+00  0.12198376E-01  0.23148075E+00 -0.97860256E-02  0.16104761E+00  0.22968957E-02  0.18338279E+00 -0.87631121E-01
 0.45094922E-01  0.21307096E-01  0.22120859E-01  0.35460986E-01  0.38499314E-01  0.33861317E-01  0.24768118E-01  0.27954383E-01  0.38693957E-01  0.58184430E-01
 0.10815833E+00  0.16718291E+00  0.10120500E+00  0.30038026E+00  0.29386790E-01  0.43580592E-01  0.43094154E-01  0.40858101E-01  0.49256485E-01  0.20473607E-01
 0.50663115E-02  0.50874155E-01  0.66759020E-01  0.16908257E+00  0.57010621E-01  0.16457047E-01  0.20145385E-01  0.41227367E-01  0.43812625E-01  0.41253190E-01
 0.47852546E-01  0.42064350E-01  0.42633217E-01  0.57006627E-01  0.40423933E-01  0.52897345E-01  0.17427126E-01  0.44268100E-02  0.51243346E-01  0.67546718E-01
 0.69711328E-01  0.66537619E-01  0.77797987E-01  0.35183813E-01  0.84041124E-02  0.81651196E-01  0.11053192E+00  0.38667923E+00  0.11203728E+00  0.27417123E-01
 0.27759185E-01  0.65349355E-01  0.74010357E-01  0.67021295E-01  0.86133845E-01  0.68700448E-01  0.73647037E-01  0.86745352E-01  0.68399794E-01  0.79611897E-01
 0.35338677E-01  0.68967859E-02  0.85231580E-01  0.32564547E-01  0.39390571E-01  0.40399678E-01  0.39554391E-01  0.48006587E-01  0.20117586E-01  0.50375019E-02
 0.50404862E-01  0.65530702E-01  0.20884958E+00  0.57202838E-01  0.16433455E-01  0.15409765E-01  0.38127474E-01  0.44140849E-01  0.39988071E-01  0.49567051E-01
 0.44695329E-01  0.44365104E-01  0.58924038E-01  0.42807441E-01  0.48429739E-01  0.21946313E-01  0.40752362E-02  0.34672830E+00  0.56768090E+00  0.39994964E+00
 0.14414994E+00  0.10067084E+00  0.12374373E+00  0.11586370E+00  0.13790351E+00  0.59438035E-01  0.12280752E-01  0.14392716E+00  0.16486017E+00  0.48237881E+00
 0.18347836E+00  0.45997366E-01  0.46823941E-01  0.11568902E+00  0.20520298E+00  0.11920805E+00  0.15358657E+00  0.16611786E+00  0.11349165E+00  0.19187476E+00
 0.12182949E+00  0.15537934E+00  0.97636141E-01  0.11250096E-01  0.33881735E-01  0.49709279E-01  0.85455209E-01  0.31655896E-01  0.32162137E-01  0.17925791E+00
 0.12000000E+03 -0.27818069E+05  0.11402421E+01 -0.27649324E+05  0.11004787E+01  0.55876139E+05  0.56607391E+05  0.56226098E+05  0.31403616E+03  0.18500000E+03
 0.99091428E-08  0.10746863E+01  0.97179635E+00  0.95655114E+00  0.14595888E-01  0.11774440E-01  0.17333690E-01  0.10000000E+01  0.23638061E-01  0.14491411E-05
