 0.77380091E+00  0.64937096E+00  0.11458742E+01  0.65541983E+00  0.54980738E+00  0.52086984E+00  0.49791429E+00 -0.68488276E-01  0.63587925E+00 -0.50745064E-01
 0.57586879E+00 -0.45201455E-01  0.57909934E+00 -0.28084775E-01  0.61050202E+00  0.21616701E+00 -0.15256546E+00  0.22770052E+00 -0.82903187E-01  0.49538312E-02
 0.30219519E-01 -0.14981216E-01  0.36952865E-01  0.12598737E+00 -0.70156218E-02 -0.34366318E-01  0.11973277E-02  0.56522665E-01  0.12562695E-01 -0.12650706E+00
-0.15437956E-01  0.63520181E-02 -0.14466316E-01 -0.34031313E-01  0.39546612E-01 -0.80212799E-01  0.63547359E-01 -0.88270187E-01 -0.58864931E-01 -0.79023418E-01
-0.44731595E-01  0.99878459E-01 -0.63139990E-01  0.84412813E-02 -0.11881705E+00 -0.14371791E+00  0.82396660E-01 -0.30608810E-01 -0.45080279E-01 -0.69322257E-01
 0.14799400E-01 -0.15013180E-02 -0.25256339E+00  0.85486809E-01 -0.87570060E-01 -0.51269654E-01  0.19833675E-01  0.37779760E-01  0.17486950E-01 -0.22843154E-01
 0.18703070E+00  0.75438463E-01  0.20164240E+00  0.55780748E-01  0.24155053E+00  0.15105436E+00 -0.82850041E-01  0.25160851E-01 -0.28495358E-02 -0.42125879E+00
-0.22518394E-01 -0.22966101E+00 -0.58978542E-01 -0.16863959E+00 -0.66982340E-01  0.23011501E+00 -0.97216228E-03  0.72959894E-02 -0.59955761E-01  0.10827302E+00
 0.15906065E-01 -0.12638414E+00 -0.49123160E-01 -0.11666629E-01  0.92481563E-01  0.47779491E+00 -0.78438086E-01 -0.20704099E+00  0.45652843E-01  0.70871661E-01
 0.10859999E+00  0.42260452E-01 -0.24476707E-01  0.12934561E+00 -0.12143834E-01 -0.49522692E+00  0.26081236E+00  0.48872972E+00 -0.25715568E+00  0.13280500E+00
 0.76309009E-01  0.58097114E-02  0.11344311E+00  0.23099807E+00 -0.19697869E+00  0.33750618E-01 -0.14573186E-01  0.78838741E-01 -0.17088902E+00  0.16729939E+00
 0.26036628E+00  0.43724664E-01  0.29600217E-01 -0.19147170E+00 -0.45869158E+00 -0.31376396E-01  0.28614478E+00 -0.84065660E-04  0.33483865E-01 -0.17814989E+00
-0.10346772E-01  0.17987547E+00 -0.16202103E+00  0.11162540E-01 -0.12328269E+00  0.67698545E-01  0.94864913E-01  0.18215109E-01  0.18171866E+00 -0.58551077E-02
 0.19750115E+00  0.68895496E+00 -0.10869772E-01  0.55106244E+00
 0.99344321E-01  0.11110749E+00  0.13967624E+00  0.25577260E-01  0.24347992E-01  0.56932551E-01  0.37603255E-01  0.16378832E-01  0.24910895E-01  0.17740625E-01
 0.28512433E-01  0.29320942E-01  0.38237623E-01  0.27486863E-01  0.52457481E-01  0.13807127E+00  0.10746583E+00  0.10470030E+00  0.32055129E+00  0.41091840E-01
 0.39972228E-01  0.56818939E-01  0.57347347E-01  0.52655396E-01  0.65374961E-01  0.28026166E-01  0.63931109E-02  0.65586537E-01  0.84068780E-01  0.30976689E+00
 0.78838440E-01  0.22119936E-01  0.23377392E-01  0.53763070E-01  0.60543792E-01  0.58311736E-01  0.68776164E-01  0.59934189E-01  0.58293193E-01  0.71520713E-01
 0.56606775E-01  0.69932513E-01  0.28051091E-01  0.61006994E-02  0.32926994E-01  0.29807525E-01  0.44918091E-01  0.44198729E-01  0.42214330E-01  0.49486527E-01
 0.20114450E-01  0.46386044E-02  0.51195067E-01  0.65491495E-01  0.17903401E+00  0.54114101E-01  0.16497993E-01  0.20415105E-01  0.42098303E-01  0.44185711E-01
 0.42964557E-01  0.49473561E-01  0.44492320E-01  0.42592855E-01  0.57766288E-01  0.42003179E-01  0.54934332E-01  0.16830626E-01  0.45333008E-02  0.17504347E+00
 0.53249815E-01  0.39083718E-01  0.40950898E-01  0.40415736E-01  0.40394489E-01  0.48410675E-01  0.20260324E-01  0.49925684E-02  0.64399010E-01  0.66635935E-01
 0.20235667E+00  0.57110456E-01  0.16804659E-01  0.15993558E-01  0.37981885E-01  0.44071756E-01  0.50544661E-01  0.51081804E-01  0.50456323E-01  0.44167363E-01
 0.67295162E-01  0.47196256E-01  0.49516308E-01  0.22709187E-01  0.40251900E-02  0.81342900E+00  0.39771090E+00  0.12244246E+00  0.16658741E+00  0.13904785E+00
 0.10723567E+00  0.91772450E-01  0.95245194E-01  0.14495006E+00  0.10073075E+00  0.56468473E-01  0.10339208E-01  0.16969702E+00  0.12565019E+00  0.37790330E+00
 0.13239108E+00  0.35422098E-01  0.39842820E-01  0.87653454E-01  0.11929168E+00  0.15970242E+00  0.10769688E+00  0.16014909E+00  0.11319666E+00  0.18437397E+00
 0.12175374E+00  0.14606573E+00  0.77639940E-01  0.11570913E-01  0.35486077E-01  0.44230826E-01  0.90662454E-01  0.70846938E-01  0.58783796E-01  0.43513609E-01
 0.19686028E-01  0.66082890E-01  0.21504242E-01  0.26404591E-01
 0.13400000E+03 -0.27658036E+05  0.11778122E+01  0.55584072E+05  0.56400636E+05  0.55974859E+05  0.24131518E-06
