 0.75483268E+00  0.65060157E+00  0.10610956E+01  0.70884424E+00  0.65134794E+00  0.54393435E+00  0.54183275E+00  0.49356970E+00 -0.23829289E-01  0.54940343E+00
-0.62813409E-01  0.63488346E+00 -0.49909443E-01  0.57796282E+00 -0.50145272E-01  0.58908695E+00 -0.29531380E-01  0.60658175E+00  0.23367735E-01  0.12398135E-01
 0.69648248E+00 -0.15583316E-01 -0.30331725E-01  0.89114529E+00 -0.18975487E-02 -0.28431155E-01  0.10416420E+01  0.56613747E-01 -0.22512341E-01  0.12082173E+01
-0.16188860E+00  0.37217118E-01  0.15765324E+01 -0.14505111E+00  0.22638431E+00  0.27506402E+00 -0.24163650E+00  0.16197921E+00 -0.14788415E+00 -0.13302375E+00
 0.95023029E-01 -0.32201137E-01 -0.38124442E-01 -0.65553285E-01  0.54394114E-02  0.86128496E-03 -0.24489580E+00  0.11393937E+00 -0.10905815E-01 -0.74035734E-01
 0.14449173E-01  0.39750110E-01 -0.57288352E-03 -0.44739127E-01  0.17737368E+00  0.10976731E+00  0.24851161E+00 -0.51239063E-02  0.29251626E+00  0.15437444E+00
-0.11512053E+00  0.17739227E-01 -0.11200929E-03  0.18203819E-01 -0.19271972E-01  0.39794013E-01  0.11648440E+00 -0.20681433E-01 -0.21281818E-01 -0.33940249E-02
 0.57227548E-01  0.54672589E-02 -0.29438272E+00  0.11717887E-01  0.99424552E-02 -0.22663495E-01 -0.20157402E-01  0.45456897E-01 -0.59785921E-01  0.29227758E-01
-0.12173317E+00 -0.82929991E-02 -0.12730235E+00 -0.69144189E-01  0.14002371E+00 -0.56827970E-01  0.73518711E-02 -0.36982831E+00 -0.19924851E-01 -0.21744730E+00
-0.66374399E-01 -0.17884831E+00 -0.57020657E-01  0.24292411E+00  0.86602550E-02  0.61791982E-02 -0.36958259E-01  0.10056564E+00  0.15090810E+00 -0.13612124E+00
-0.87148570E-01 -0.27650897E-02  0.95735073E-01  0.47648966E+00 -0.93316779E-01 -0.19372448E+00  0.37434306E-01  0.56277841E-01  0.91383249E-01  0.42407904E-01
-0.29940542E-01  0.13408232E+00 -0.11660584E-01  0.17196614E+00 -0.25021493E+00  0.48200181E+00  0.95985495E-01 -0.36713835E-01  0.46873782E-01  0.12761350E-01
 0.10883899E+00  0.16348736E+00 -0.22389001E+00  0.31771634E-01 -0.15742864E-01  0.44440422E-01 -0.15241350E+00 -0.89199796E-01  0.33964142E+00  0.99149376E-01
 0.22901272E-01 -0.18838796E+00 -0.46658272E+00  0.14445500E-01  0.29874486E+00  0.15667401E-01  0.78910917E-01 -0.11855960E+00  0.62661455E-02  0.16466008E+00
-0.15021311E+00  0.94730780E-02 -0.62347457E-01  0.28462332E-01 -0.88053338E-01  0.26908102E-01 -0.29062035E-01  0.15205150E-01 -0.45849602E-02  0.69922511E-02
-0.22143770E-01  0.38485318E+00 -0.85113142E-02  0.67282557E-02 -0.15800714E-01  0.12148130E-01 -0.30477891E-01 -0.10409306E-01 -0.51916707E-01 -0.55452779E-01
 0.48367232E-01 -0.12722009E-01  0.24390310E-01 -0.80150686E-01  0.23556171E-01 -0.51601008E-02  0.27870944E-01 -0.20373907E-01  0.65820850E-01 -0.38097005E-01
 0.43968052E-01 -0.53977691E-01  0.10030736E-01  0.15880984E+00 -0.24622373E-01 -0.51106721E+00  0.16588546E+00 -0.21620953E-01  0.15117050E-01 -0.24677532E-01
 0.15536820E-01 -0.35842057E-01  0.12663232E+00  0.72551429E-01  0.12838133E+00  0.12405538E+00  0.11338182E+00  0.11442113E+00 -0.59083521E-01  0.33138290E-02
 0.22258328E+00  0.38743815E-02  0.99458769E-01 -0.22586061E-01  0.20249388E+00 -0.68685622E-03 -0.55594131E-01 -0.23016905E-01  0.29224786E+00  0.27497426E-01
 0.10727103E-01  0.21086121E-02 -0.11902286E+00  0.60504252E+00
 0.11495499E+00  0.12162125E+00  0.15338314E+00  0.85889496E-01  0.26818249E-01  0.23855092E-01  0.60067382E-01  0.39182741E-01  0.27487384E-01  0.34020733E-01
 0.17010929E-01  0.25594454E-01  0.17770121E-01  0.28886449E-01  0.30057572E-01  0.39210211E-01  0.29195955E-01  0.59547950E-01  0.53616241E-01  0.31621810E-01
 0.82118675E-01  0.27269058E-01  0.21796020E-01  0.85150465E-01  0.35766728E-01  0.28939325E-01  0.10831123E+00  0.58560394E-01  0.41287046E-01  0.18283097E+00
 0.63759342E-01  0.51218793E-01  0.28359661E+00  0.11761654E+00  0.15140983E+00  0.10455848E+00  0.29224125E+00  0.10955060E+00  0.23327623E+00  0.31450834E-01
 0.48628911E-01  0.47563970E-01  0.45683675E-01  0.54596491E-01  0.23458082E-01  0.55648079E-02  0.54944091E-01  0.70737474E-01  0.20248361E+00  0.61737832E-01
 0.18116252E-01  0.21502446E-01  0.45633353E-01  0.47371283E-01  0.45095377E-01  0.54889232E-01  0.47108267E-01  0.46577297E-01  0.60055822E-01  0.45658994E-01
 0.57708327E-01  0.18137056E-01  0.49160351E-02  0.43127265E-01  0.63764535E-01  0.62786199E-01  0.57703912E-01  0.71786322E-01  0.31488474E-01  0.73130294E-02
 0.71747534E-01  0.92797227E-01  0.34558314E+00  0.89131311E-01  0.24973024E-01  0.24690015E-01  0.58394156E-01  0.63516721E-01  0.59893943E-01  0.78455940E-01
 0.63150100E-01  0.64194694E-01  0.75546950E-01  0.61353385E-01  0.71834348E-01  0.29002929E-01  0.67189164E-02  0.16607320E+00  0.11743837E+00  0.38847197E-01
 0.41523021E-01  0.42818848E-01  0.39891310E-01  0.48338719E-01  0.20779470E-01  0.51463465E-02  0.62736481E-01  0.67746349E-01  0.26603475E+00  0.58753762E-01
 0.16847325E-01  0.16022371E-01  0.38010314E-01  0.44665452E-01  0.46525370E-01  0.53600453E-01  0.54845836E-01  0.44332013E-01  0.72252676E-01  0.48468746E-01
 0.54261781E-01  0.22952113E-01  0.40352619E-02  0.32394797E+00  0.71165156E+00  0.31418756E+00  0.20497079E+00  0.14421035E+00  0.11078783E+00  0.85438274E-01
 0.11121882E+00  0.12383520E+00  0.11320139E+00  0.46650007E-01  0.10788616E-01  0.14418322E+00  0.12495264E+00  0.48323336E+00  0.13627045E+00  0.44464212E-01
 0.39897159E-01  0.86141959E-01  0.17057219E+00  0.11372133E+00  0.11885302E+00  0.17120558E+00  0.92843339E-01  0.20180398E+00  0.12004889E+00  0.16365112E+00
 0.80820426E-01  0.10105338E-01  0.34736346E-01  0.44435024E-01  0.41704968E-01  0.40358108E-01  0.53327743E-01  0.20540260E-01  0.52053002E-02  0.53481806E-01
 0.48403192E-01  0.18145747E+00  0.66606179E-01  0.18279983E-01  0.18465076E-01  0.41034643E-01  0.45644041E-01  0.42155333E-01  0.54789785E-01  0.34287654E-01
 0.63954383E-01  0.40399525E-01  0.46067096E-01  0.51615309E-01  0.22032376E-01  0.44648424E-02  0.75156882E-01  0.93073025E-01  0.82855888E-01  0.79295218E-01
 0.10971260E+00  0.44388000E-01  0.10510389E-01  0.10063230E+00  0.11740188E+00  0.48949814E+00  0.18563059E+00  0.39237790E-01  0.42380311E-01  0.82750261E-01
 0.96098691E-01  0.89129694E-01  0.10816868E+00  0.77613190E-01  0.11572105E+00  0.96441992E-01  0.95076583E-01  0.10763584E+00  0.44487860E-01  0.84895995E-02
 0.79325251E-01  0.99075064E-01  0.12584005E+00  0.44053219E-01  0.35263684E-01  0.13733955E+00  0.50680969E-01  0.68734363E-01  0.74598476E-01  0.94737358E-01
 0.11736824E+00  0.46093471E-01  0.10451478E+00  0.24685231E+00
 0.20400000E+03 -0.41770224E+05  0.14613963E+01 -0.41565920E+05  0.12582858E+01  0.83948449E+05  0.85184283E+05  0.84536089E+05  0.36616938E+03  0.29100000E+03
 0.18128443E-02  0.11158990E+01  0.98390241E+00  0.97427705E+00  0.90427219E-02  0.57454763E-02  0.11806966E-01  0.10000000E+01  0.23166344E-01  0.13078360E-05
