 0.75722182E+00  0.65316111E+00  0.10672456E+01  0.70810431E+00  0.65131730E+00  0.54407114E+00  0.54088849E+00  0.49385753E+00 -0.24196463E-01  0.55040443E+00
-0.63135266E-01  0.63426524E+00 -0.49716994E-01  0.57793844E+00 -0.50035328E-01  0.58904403E+00 -0.29604219E-01  0.60743719E+00  0.24106000E-01  0.11571526E-01
 0.69546592E+00 -0.15923578E-01 -0.29931031E-01  0.89124054E+00 -0.18161343E-02 -0.28072553E-01  0.10407796E+01  0.56332573E-01 -0.22349928E-01  0.12077550E+01
-0.16136426E+00  0.35098832E-01  0.15799844E+01 -0.16605361E+00  0.23304789E+00  0.22183847E+00 -0.16644149E+00  0.19430122E+00 -0.23236580E+00 -0.13400699E+00
 0.93141071E-01 -0.31368848E-01 -0.38769390E-01 -0.68087228E-01  0.52431691E-02  0.84557780E-03 -0.24545519E+00  0.11587384E+00 -0.80030020E-02 -0.75733595E-01
 0.26754841E-01  0.39449953E-01  0.47733719E-02 -0.45546364E-01  0.17524530E+00  0.11159214E+00  0.24851003E+00 -0.40299175E-02  0.29093453E+00  0.15307559E+00
-0.11729029E+00  0.19912247E-01 -0.17702532E-02  0.18252529E-01 -0.18584520E-01  0.38881321E-01  0.11753400E+00 -0.18758817E-01 -0.20727718E-01 -0.33225673E-02
 0.57873543E-01  0.50931713E-02 -0.29577860E+00  0.14185742E-01  0.37294319E-02 -0.21843353E-01 -0.23883456E-01  0.48502881E-01 -0.58152828E-01  0.28023709E-01
-0.12162121E+00 -0.90199457E-02 -0.12562893E+00 -0.67752764E-01  0.14140016E+00 -0.63483864E-01  0.84977541E-02 -0.36770192E+00 -0.20541938E-01 -0.21719047E+00
-0.68714038E-01 -0.17014083E+00 -0.59371017E-01  0.24137439E+00  0.74445806E-02  0.60777720E-02 -0.38437471E-01  0.10257310E+00  0.15513250E+00 -0.13325259E+00
-0.58497470E-01 -0.85582519E-02  0.96490405E-01  0.47951299E+00 -0.96860781E-01 -0.19706735E+00  0.39171670E-01  0.57542909E-01  0.89358173E-01  0.41854709E-01
-0.28513355E-01  0.13200153E+00 -0.12117297E-01  0.16047142E+00 -0.24332842E+00  0.46250921E+00  0.93748756E-01 -0.40307637E-01  0.41127898E-01  0.11564654E-01
 0.97589582E-01  0.16433369E+00 -0.21641773E+00  0.33285953E-01 -0.15288603E-01  0.45435458E-01 -0.15520529E+00 -0.93474589E-01  0.33311579E+00  0.56716628E-01
 0.33739310E-01 -0.18376251E+00 -0.46222630E+00  0.18366864E-01  0.30081648E+00  0.16521232E-01  0.79968393E-01 -0.11166413E+00  0.99412510E-02  0.16450030E+00
-0.14602551E+00  0.87974714E-02 -0.61053563E-01  0.27558766E-01 -0.90173401E-01  0.27794356E-01 -0.26257722E-01  0.15640037E-01 -0.44758725E-02  0.79502733E-02
-0.24896802E-01  0.38179415E+00 -0.77803261E-02 -0.11256400E-01 -0.15176049E-01  0.54594339E-02 -0.31612094E-01 -0.77763372E-02 -0.52926198E-01 -0.56912560E-01
 0.46902984E-01 -0.10916834E-01  0.25779683E-01 -0.79231054E-01  0.23028191E-01 -0.30766446E-02  0.25356434E-01 -0.18582838E-01  0.73965527E-01 -0.39471582E-01
 0.40175248E-01 -0.54953877E-01  0.98907221E-02  0.15629968E+00 -0.18185942E-01 -0.50645608E+00  0.16959961E+00  0.23683511E-01  0.10694412E-01 -0.14701782E-01
 0.23418954E-01 -0.42823963E-01  0.12627375E+00  0.76664597E-01  0.13141365E+00  0.12234636E+00  0.11125070E+00  0.11244474E+00 -0.71367398E-01  0.12708327E-03
 0.22276728E+00  0.32693963E-02  0.99420369E-01 -0.23094276E-01  0.20637803E+00  0.34934820E-02 -0.56023657E-01 -0.22089412E-01  0.29321775E+00  0.28360333E-01
 0.88416450E-02  0.45204009E-02 -0.12020315E+00  0.60654348E+00
 0.11428905E+00  0.12153602E+00  0.15241179E+00  0.85619353E-01  0.26712961E-01  0.23834961E-01  0.59781548E-01  0.38989458E-01  0.27535515E-01  0.34178659E-01
 0.16999071E-01  0.25571095E-01  0.17767677E-01  0.28880993E-01  0.30038973E-01  0.39185561E-01  0.29144505E-01  0.59627142E-01  0.53367075E-01  0.31625450E-01
 0.82099311E-01  0.27234625E-01  0.21771843E-01  0.85170873E-01  0.35750195E-01  0.28957294E-01  0.10821723E+00  0.58586575E-01  0.41340649E-01  0.18280558E+00
 0.63742176E-01  0.51339511E-01  0.28385171E+00  0.11809222E+00  0.15214236E+00  0.10626289E+00  0.29402518E+00  0.10831368E+00  0.23358746E+00  0.31453252E-01
 0.48517808E-01  0.47447860E-01  0.45659341E-01  0.54510508E-01  0.23428988E-01  0.55576367E-02  0.54909971E-01  0.70764013E-01  0.20011927E+00  0.61622106E-01
 0.17883299E-01  0.21340454E-01  0.45835659E-01  0.47374163E-01  0.45057476E-01  0.54786686E-01  0.46997868E-01  0.46475060E-01  0.60080368E-01  0.45538962E-01
 0.57514668E-01  0.18075844E-01  0.48648030E-02  0.42987328E-01  0.63419081E-01  0.62526383E-01  0.57495274E-01  0.71479276E-01  0.31356413E-01  0.72795926E-02
 0.71543179E-01  0.92317499E-01  0.34331158E+00  0.88823125E-01  0.24364704E-01  0.24544146E-01  0.58595270E-01  0.63313246E-01  0.59587572E-01  0.78051768E-01
 0.62653325E-01  0.63792281E-01  0.75493649E-01  0.61072566E-01  0.71434565E-01  0.29398974E-01  0.66446620E-02  0.16483727E+00  0.11715509E+00  0.38893476E-01
 0.41324280E-01  0.43072738E-01  0.40012270E-01  0.48461605E-01  0.20941358E-01  0.52233958E-02  0.62640294E-01  0.67490734E-01  0.26636350E+00  0.59144985E-01
 0.16732560E-01  0.16044443E-01  0.38030028E-01  0.44803880E-01  0.46187725E-01  0.53915262E-01  0.54634675E-01  0.44376008E-01  0.71927361E-01  0.48436970E-01
 0.54298554E-01  0.23145305E-01  0.39973138E-02  0.31461123E+00  0.69377768E+00  0.30585986E+00  0.20282939E+00  0.14178461E+00  0.10860966E+00  0.84470004E-01
 0.10790911E+00  0.12219443E+00  0.11106897E+00  0.46153352E-01  0.10620525E-01  0.14217965E+00  0.12351213E+00  0.47791776E+00  0.13540436E+00  0.37713755E-01
 0.38918618E-01  0.86262614E-01  0.16860119E+00  0.11099174E+00  0.11829287E+00  0.16740286E+00  0.92285000E-01  0.19557518E+00  0.11663713E+00  0.16158350E+00
 0.82010925E-01  0.10623934E-01  0.34792498E-01  0.44595741E-01  0.41570090E-01  0.40411640E-01  0.53317454E-01  0.20620819E-01  0.52028671E-02  0.53481076E-01
 0.48433580E-01  0.18361519E+00  0.66572994E-01  0.16968206E-01  0.18239623E-01  0.41784339E-01  0.45765199E-01  0.42093690E-01  0.54763608E-01  0.34276459E-01
 0.63816927E-01  0.40317271E-01  0.46173442E-01  0.51467564E-01  0.21876061E-01  0.45351284E-02  0.75309686E-01  0.93159661E-01  0.82968973E-01  0.79355374E-01
 0.10984925E+00  0.44526149E-01  0.10552623E-01  0.10084771E+00  0.11749456E+00  0.48927408E+00  0.18543553E+00  0.38840875E-01  0.42423110E-01  0.83877303E-01
 0.96204102E-01  0.89139484E-01  0.10808877E+00  0.77594213E-01  0.11567796E+00  0.96282557E-01  0.95174156E-01  0.10750565E+00  0.44899102E-01  0.86730262E-02
 0.79010077E-01  0.98209903E-01  0.12423191E+00  0.43414369E-01  0.35224337E-01  0.13473590E+00  0.50509173E-01  0.68246387E-01  0.74687853E-01  0.94513364E-01
 0.11669765E+00  0.45941580E-01  0.10437585E+00  0.24629104E+00
 0.20400000E+03 -0.41778473E+05  0.14607891E+01 -0.41574093E+05  0.12580351E+01  0.83964947E+05  0.85200781E+05  0.84552587E+05  0.36630615E+03  0.29100000E+03
 0.17848051E-02  0.11158983E+01  0.98382824E+00  0.97415853E+00  0.90509450E-02  0.57569566E-02  0.11813951E-01  0.10000000E+01  0.23109499E-01  0.13663404E-05
