 0.69959849E+00  0.67916924E+00  0.53551483E+00  0.55307537E+00  0.46803805E+00  0.55466074E+00  0.63288915E+00  0.57455117E+00  0.58029407E+00  0.61441272E+00
-0.15253814E+00  0.30551210E+00  0.21988213E+00  0.28551001E-01 -0.14221585E+00  0.95275164E-01 -0.78271367E-02 -0.12472903E-01 -0.86567238E-01  0.13028039E-01
-0.23804733E-02 -0.23128803E+00  0.10096647E+00 -0.12038511E+00 -0.90043388E-01  0.19301139E-01  0.45441281E-01  0.16780315E-01 -0.43597713E-01  0.17476514E+00
 0.10319504E+00  0.23363455E+00 -0.94729234E-02  0.26561341E+00  0.14796209E+00 -0.88389255E-01  0.19064346E-01  0.57626588E-04  0.36936734E-01 -0.37251279E-01
 0.72380416E-02  0.86372219E-01  0.15271259E-02 -0.48991565E-01  0.34561506E-02  0.39244752E-01  0.24972174E-01 -0.56954354E-01  0.53207934E-01  0.14378517E-01
-0.42424589E-01 -0.58038983E-01  0.30367309E-01 -0.10001438E+00  0.79711162E-01 -0.14513817E+00 -0.18135145E-01 -0.11528006E+00 -0.62632985E-01  0.12687688E+00
-0.67025878E-01  0.61068693E-02 -0.46702564E+00 -0.23691645E+00 -0.52365758E-01 -0.16554944E+00 -0.52310407E-01  0.22685775E+00 -0.13597912E-03  0.73592160E-02
-0.65417781E-01  0.11156625E+00 -0.79975585E-02 -0.14077611E+00 -0.49773287E-01 -0.35652372E-02  0.96948974E-01  0.48237252E+00 -0.74559957E-01 -0.20334207E+00
 0.58044951E-01  0.63626610E-01  0.11736771E+00  0.48087262E-01 -0.26317688E-01  0.12903610E+00 -0.11591363E-01  0.34275112E+00 -0.80767232E+00  0.59332484E+00
 0.12350550E+00 -0.12594718E-01  0.11416055E+00  0.22992803E+00 -0.22231203E+00  0.16434204E-01 -0.15439063E-01  0.10792158E+00 -0.17003554E+00  0.24521825E+00
 0.33915177E+00  0.58852848E-01 -0.42166389E-02 -0.23816314E+00 -0.51313621E+00 -0.67079693E-01  0.34115273E+00 -0.84202245E-01  0.49843006E-01 -0.24984501E+00
-0.48489712E-01  0.23500483E+00 -0.19568677E+00  0.13807605E-01  0.23147178E+00 -0.94646001E-02  0.16016148E+00  0.24887049E-02  0.18400712E+00 -0.82589805E-01
 0.45089141E-01  0.21317247E-01  0.22110198E-01  0.35491165E-01  0.38477406E-01  0.33813395E-01  0.24807679E-01  0.27967935E-01  0.38686376E-01  0.58136135E-01
 0.10771760E+00  0.16698705E+00  0.10127008E+00  0.29439640E+00  0.29365271E-01  0.43530893E-01  0.42992838E-01  0.40858589E-01  0.49227979E-01  0.20525692E-01
 0.50820750E-02  0.50905604E-01  0.66857778E-01  0.17009564E+00  0.57100888E-01  0.16366746E-01  0.20391632E-01  0.41157775E-01  0.43792702E-01  0.41267876E-01
 0.47877971E-01  0.42084888E-01  0.42665124E-01  0.56974318E-01  0.40413298E-01  0.52908644E-01  0.17474132E-01  0.45326320E-02  0.51152408E-01  0.67448691E-01
 0.69283053E-01  0.66399381E-01  0.77665679E-01  0.35286330E-01  0.84418477E-02  0.81674322E-01  0.11066442E+00  0.38980103E+00  0.11187863E+00  0.27240511E-01
 0.28122328E-01  0.64978726E-01  0.74043885E-01  0.67036271E-01  0.86000964E-01  0.68743140E-01  0.73635630E-01  0.86754173E-01  0.68300478E-01  0.79349808E-01
 0.34794018E-01  0.71486449E-02  0.85498482E-01  0.32576766E-01  0.39328430E-01  0.40307019E-01  0.39619025E-01  0.48019063E-01  0.20110969E-01  0.50279805E-02
 0.50431896E-01  0.65557435E-01  0.20917508E+00  0.57124380E-01  0.16361699E-01  0.15513871E-01  0.38233787E-01  0.44151273E-01  0.40096749E-01  0.49599484E-01
 0.44767588E-01  0.44446461E-01  0.59006374E-01  0.42875648E-01  0.48328690E-01  0.21872656E-01  0.40766886E-02  0.34702158E+00  0.57075280E+00  0.39709702E+00
 0.14501655E+00  0.10040542E+00  0.12341363E+00  0.11531392E+00  0.13703094E+00  0.60933981E-01  0.12444802E-01  0.14341165E+00  0.16445021E+00  0.48275560E+00
 0.18249986E+00  0.47105916E-01  0.49634825E-01  0.11818922E+00  0.20439944E+00  0.11980349E+00  0.15240727E+00  0.16786169E+00  0.11332233E+00  0.19297604E+00
 0.12202074E+00  0.15338336E+00  0.94530545E-01  0.11740739E-01  0.33885617E-01  0.49695320E-01  0.85366383E-01  0.31708285E-01  0.32144114E-01  0.17799364E+00
 0.12000000E+03 -0.27817708E+05  0.11403194E+01 -0.27646607E+05  0.10998860E+01  0.55875416E+05  0.56606668E+05  0.56225375E+05  0.31872563E+03  0.18500000E+03
 0.36179697E-08  0.10736589E+01  0.97082127E+00  0.95504898E+00  0.14858745E-01  0.12063204E-01  0.17579591E-01  0.10000000E+01  0.23829205E-01  0.14602756E-05
