 0.78810513E+00  0.66324003E+00  0.10546998E+01  0.64939185E+00  0.54435795E+00  0.55578644E+00  0.50249242E+00 -0.63125866E-01  0.63446299E+00 -0.50925136E-01
 0.57899069E+00 -0.52559647E-01  0.58667179E+00 -0.32075071E-01  0.60745677E+00  0.21164450E+00 -0.14450417E+00  0.21324432E+00 -0.26854734E-01 -0.12477573E-01
 0.24356247E-01 -0.28961015E-01  0.45378062E-01  0.13346034E+00 -0.16536150E-01 -0.10139253E-01 -0.80086843E-02  0.68397525E-01  0.81407465E-02 -0.26115972E+00
 0.66433581E-02  0.71302277E-02 -0.19100833E-01 -0.38781669E-01  0.55352436E-01 -0.60136834E-01  0.11699719E-01 -0.95886299E-01  0.27706283E-03 -0.12355046E+00
-0.67623429E-01  0.15122844E+00 -0.42645887E-01  0.78846850E-02 -0.71411601E-01 -0.14238663E+00  0.10319054E+00 -0.40556245E-01 -0.45898797E-01 -0.67859342E-01
 0.12096328E-02  0.31424140E-02 -0.24986299E+00  0.11455666E+00  0.36824664E-02 -0.73107473E-01  0.23749936E-01  0.36838714E-01  0.12589153E-01 -0.51748633E-01
 0.17507276E+00  0.11747140E+00  0.22935578E+00 -0.61815511E-02  0.29055540E+00  0.15699098E+00 -0.12998317E+00  0.10438198E-01 -0.18698403E-02 -0.41718791E+00
-0.51123336E-01 -0.22457185E+00 -0.60805797E-01 -0.17106479E+00 -0.65157273E-01  0.23941042E+00  0.58049131E-02  0.71064544E-02 -0.51962815E-01  0.10867310E+00
 0.15006314E+00 -0.13639873E+00 -0.58019512E-01 -0.68741565E-02  0.99111583E-01  0.47594191E+00 -0.88808745E-01 -0.18728424E+00  0.46319939E-01  0.55178969E-01
 0.10389788E+00  0.49830526E-01 -0.35169703E-01  0.12872189E+00 -0.12139289E-01 -0.75494434E+00  0.31539981E+00  0.47591531E+00 -0.29836553E+00  0.17463798E+00
 0.72518917E-01 -0.15510138E-01  0.11930518E+00  0.25215264E+00 -0.21690752E+00  0.32635439E-01 -0.21235005E-01  0.11050561E+00 -0.16234280E+00 -0.23864769E+00
 0.34271504E+00  0.55811136E-01  0.19691097E-01 -0.20855631E+00 -0.43358515E+00 -0.31457858E-01  0.27683247E+00 -0.65748333E-01  0.70800920E-01 -0.21879432E+00
-0.49992240E-01  0.25561248E+00 -0.16272666E+00  0.12977231E-01  0.35683006E-01  0.48671820E-01  0.30995938E-01  0.49048530E-01  0.18355688E+00 -0.60464055E-02
 0.20081586E+00 -0.10483583E-01  0.74609687E+00 -0.29124336E-01  0.55319257E+00
 0.10209178E+00  0.11110106E+00  0.14620988E+00  0.24076311E-01  0.23987733E-01  0.50088128E-01  0.37864225E-01  0.16685176E-01  0.25574958E-01  0.18132888E-01
 0.29026922E-01  0.29317729E-01  0.38688111E-01  0.27381850E-01  0.58878713E-01  0.14227604E+00  0.11478463E+00  0.10415622E+00  0.82153554E+00  0.23077954E-01
 0.41705475E-01  0.65389631E-01  0.59249364E-01  0.54931353E-01  0.64274442E-01  0.28680148E-01  0.74044648E-02  0.66209471E-01  0.89939035E-01  0.30841407E+00
 0.83488367E-01  0.22500037E-01  0.23770573E-01  0.60495373E-01  0.60558322E-01  0.57387700E-01  0.70789707E-01  0.73318415E-01  0.58673356E-01  0.73812854E-01
 0.57433647E-01  0.70158956E-01  0.40716849E-01  0.60464470E-02  0.24368933E-01  0.31226958E-01  0.50252475E-01  0.46821639E-01  0.45137666E-01  0.51623036E-01
 0.22811302E-01  0.57467737E-02  0.53013023E-01  0.70067461E-01  0.19166077E+00  0.60716058E-01  0.17153918E-01  0.20855056E-01  0.46953553E-01  0.46268912E-01
 0.44137007E-01  0.52279553E-01  0.51483988E-01  0.44820357E-01  0.59699837E-01  0.44357724E-01  0.57272130E-01  0.22762898E-01  0.45634965E-02  0.11716202E+00
 0.50421665E-01  0.35029818E-01  0.41287936E-01  0.41816456E-01  0.40553042E-01  0.48480008E-01  0.21081888E-01  0.53496022E-02  0.55110980E-01  0.66149139E-01
 0.26266003E+00  0.58487446E-01  0.17056511E-01  0.15756410E-01  0.38974968E-01  0.44870090E-01  0.42452705E-01  0.52027405E-01  0.50135907E-01  0.44435977E-01
 0.64429794E-01  0.45812811E-01  0.51863665E-01  0.23404641E-01  0.40347223E-02  0.31102833E+01  0.10648972E+01  0.31908682E+00  0.29975002E+00  0.13873960E+00
 0.25544759E+00  0.21845745E+00  0.22605435E+00  0.47942687E+00  0.12434243E+00  0.59255564E-01  0.30775033E-01  0.48487082E+00  0.17747078E+00  0.99413060E+00
 0.17503559E+00  0.42224752E-01  0.10301116E+00  0.17653588E+00  0.26345426E+00  0.36830275E+00  0.14754349E+00  0.54438812E+00  0.10146199E+00  0.69508906E+00
 0.38547857E+00  0.62271408E+00  0.16699924E+00  0.28297435E-01  0.30728483E-01  0.47149307E-01  0.47248733E-01  0.27721439E-01  0.27946010E-01  0.29937501E-01
 0.33305169E-01  0.15635253E+00  0.40271711E-01  0.24351774E-01  0.34143629E-01
 0.13500000E+03 -0.26934201E+05  0.11830380E+01  0.54138402E+05  0.54956233E+05  0.54527282E+05  0.59497076E-07
