 0.76946205E+00  0.66346049E+00  0.11193660E+01  0.65726852E+00  0.54795855E+00  0.52819687E+00  0.49789000E+00 -0.67963071E-01  0.63632095E+00 -0.49293865E-01
 0.57504821E+00 -0.49179237E-01  0.58319998E+00 -0.28196780E-01  0.61021155E+00  0.19723460E+00 -0.13827965E+00  0.24494241E+00 -0.12102662E+00 -0.72858380E-02
 0.26916180E-01 -0.13092686E-01  0.42045556E-01  0.12176641E+00 -0.20292418E-01 -0.31315386E-01  0.37990301E-03  0.63643299E-01  0.21533053E-01 -0.11775979E+00
-0.11101718E-01  0.14790064E-01 -0.21892516E-01 -0.34348127E-01  0.14976163E-01 -0.64907216E-01  0.63990675E-01 -0.10134369E+00 -0.55098847E-01 -0.85330218E-01
-0.57681553E-01  0.12159611E+00 -0.59240606E-01  0.73711369E-02 -0.10910057E+00 -0.14219138E+00  0.81425436E-01 -0.36035646E-01 -0.43307394E-01 -0.61433516E-01
 0.13236181E-01 -0.11694074E-02 -0.25696415E+00  0.80479987E-01 -0.90162218E-01 -0.54120693E-01  0.15182606E-01  0.42769108E-01  0.19905765E-01 -0.10762203E-01
 0.17806181E+00  0.74155465E-01  0.20895106E+00  0.53342007E-01  0.24551275E+00  0.15882890E+00 -0.96265920E-01  0.24648806E-01 -0.27434407E-02 -0.36424911E+00
-0.65826885E-02 -0.22277413E+00 -0.63915186E-01 -0.16869001E+00 -0.61423477E-01  0.23958226E+00 -0.34201909E-02  0.80554718E-02 -0.47525048E-01  0.10170190E+00
 0.33412986E-01 -0.12734663E+00 -0.56639090E-01 -0.68875658E-02  0.95328428E-01  0.48310694E+00 -0.93740582E-01 -0.20870560E+00  0.39318435E-01  0.66716395E-01
 0.95535114E-01  0.34131769E-01 -0.21453142E-01  0.12960431E+00 -0.13022996E-01 -0.33210269E+00  0.13417156E+00  0.41951862E+00  0.34260742E-01  0.44551622E-01
 0.10325092E-01  0.91313027E-01  0.19386594E+00 -0.20012444E+00  0.46475835E-01 -0.16639812E-01  0.56360953E-01 -0.15435000E+00  0.18304153E+00  0.26237428E+00
 0.47226761E-01  0.26910065E-01 -0.18440259E+00 -0.44423166E+00  0.12833609E-02  0.25885069E+00  0.27593100E-01  0.64307131E-01 -0.14040790E+00  0.96235741E-02
 0.16005886E+00 -0.13741215E+00  0.96553089E-02 -0.13320965E+00  0.62516071E-01  0.10446636E+00  0.80536716E-02  0.19093734E+00 -0.21043582E-01  0.20489211E+00
 0.34298070E-01  0.67962784E+00 -0.16747432E-01  0.54906166E+00
 0.10265969E+00  0.12056564E+00  0.14069480E+00  0.26361696E-01  0.24068082E-01  0.58931414E-01  0.38172696E-01  0.16601585E-01  0.24983292E-01  0.17531779E-01
 0.28174188E-01  0.29652460E-01  0.39020397E-01  0.28171055E-01  0.57458907E-01  0.14417620E+00  0.11009659E+00  0.10154304E+00  0.26247674E+00  0.94309665E-01
 0.41285928E-01  0.59735272E-01  0.59537563E-01  0.54566268E-01  0.66595681E-01  0.28843282E-01  0.65669436E-02  0.68894304E-01  0.85864842E-01  0.32396904E+00
 0.81505008E-01  0.23155175E-01  0.23433119E-01  0.55122402E-01  0.60360197E-01  0.57521220E-01  0.70825145E-01  0.58696423E-01  0.60711864E-01  0.72308280E-01
 0.56940954E-01  0.68559378E-01  0.27621204E-01  0.63884850E-02  0.73793285E-01  0.30399246E-01  0.45941241E-01  0.45416865E-01  0.43099258E-01  0.50067499E-01
 0.20503599E-01  0.47826897E-02  0.52603841E-01  0.66427134E-01  0.18513040E+00  0.55357058E-01  0.16830474E-01  0.20561602E-01  0.42867888E-01  0.44313002E-01
 0.43071754E-01  0.50362203E-01  0.44174001E-01  0.43638311E-01  0.58407962E-01  0.42438719E-01  0.54677598E-01  0.16998984E-01  0.47153989E-02  0.17029837E+00
 0.46977945E-01  0.37975937E-01  0.39878745E-01  0.39971918E-01  0.39428230E-01  0.47129765E-01  0.19864757E-01  0.49243751E-02  0.63621566E-01  0.65468520E-01
 0.19474864E+00  0.56368943E-01  0.16056661E-01  0.16345240E-01  0.37490070E-01  0.43185465E-01  0.47117129E-01  0.50121367E-01  0.52034970E-01  0.43991245E-01
 0.67192912E-01  0.48001245E-01  0.49888037E-01  0.22710459E-01  0.39975932E-02  0.66021103E+00  0.36460268E+00  0.30533123E+00  0.91811754E-01  0.11668047E+00
 0.81804223E-01  0.10528634E+00  0.12210906E+00  0.10936638E+00  0.47619637E-01  0.98041715E-02  0.15541863E+00  0.11808655E+00  0.33063629E+00  0.13029835E+00
 0.37501030E-01  0.40105175E-01  0.89007035E-01  0.16432472E+00  0.11869928E+00  0.11674561E+00  0.15219311E+00  0.10463504E+00  0.17220820E+00  0.11710098E+00
 0.14511020E+00  0.78078784E-01  0.10546887E-01  0.75354613E-01  0.45300014E-01  0.10486749E+00  0.85360505E-01  0.71069315E-01  0.40649779E-01  0.34383513E-01
 0.13214439E+00  0.77668175E-01  0.26491228E-01  0.34041971E-01
 0.13400000E+03 -0.27659761E+05  0.11885664E+01 -0.27525444E+05  0.11144895E+01  0.55587522E+05  0.56404087E+05  0.55978310E+05  0.25351253E+03  0.18100000E+03
 0.30213388E-03  0.10596480E+01  0.98464355E+00  0.97497153E+00  0.11061854E-01  0.76285595E-02  0.14145596E-01  0.10000000E+01  0.21983600E-01  0.16177349E-05
