 0.69240414E+00  0.73957756E+00  0.10167419E+01  0.24497852E+00  0.23915359E+00  0.24246225E+00  0.28496733E+00  0.49455211E-01  0.31412943E+00  0.49003613E-01
 0.29880121E+00  0.38261503E-01  0.29251659E+00  0.54484224E-01  0.31619197E+00  0.13058108E-01 -0.30513776E-01  0.33252942E-01  0.37009333E-01  0.71958316E-01
 0.13505623E-01  0.49804548E-01 -0.81858014E-01  0.17748678E+00  0.64894226E-01 -0.39773623E-02  0.98905017E-02 -0.27610843E+00  0.18697589E+00 -0.10576342E+00
 0.14047944E-01  0.16944561E-01 -0.17685461E+00  0.34501467E-01  0.24613469E+00  0.26609013E+00  0.65562845E-01  0.48613049E-01 -0.28835393E-01 -0.31316926E-01
 0.71426532E-01  0.87309166E-01  0.38358785E+00  0.68899084E-01  0.65070880E+00  0.95567474E-03  0.62323138E+00  0.24982204E+00  0.27049103E+00  0.25701038E-01
 0.32038875E+00
 0.37407879E-01  0.36340980E-01  0.44503611E-01  0.10689557E-01  0.10648222E-01  0.13428911E-01  0.15394921E-01  0.89648286E-02  0.13194488E-01  0.83766793E-02
 0.13179967E-01  0.94763998E-02  0.13387710E-01  0.11049041E-01  0.17236243E-01  0.37848955E-01  0.43138468E-01  0.42324156E-01  0.44448843E-01  0.41260196E-01
 0.44870588E-01  0.44569279E-01  0.45077959E-01  0.38012221E-01  0.46722995E-01  0.48269376E-01  0.48852266E-01  0.40731705E-01  0.32081757E-01  0.47208203E-01
 0.48044710E-01  0.45508999E-01  0.89615723E-01  0.58847033E-01  0.50894979E-01  0.54246192E-01  0.41132738E-01  0.51013774E-01  0.51851253E-01  0.48849646E-01
 0.35402625E-01  0.26632226E-01  0.48307597E-01  0.35824760E-01  0.40159205E-01  0.29234035E-01  0.34576247E-01  0.49214519E-01  0.31596022E-01  0.15789268E-01
 0.20858737E-01
 0.51000000E+02 -0.17709222E+05  0.10110666E+01  0.35520445E+05  0.35794710E+05  0.35632693E+05  0.55416227E-04
