 0.13993494E-02    0.53424990E-03    0.13206668E-02    0.50158164E-03    0.72611502E-03
 0.19805714E-02    0.13705693E-04   -0.12588656E-04    0.17287733E-04    0.11426662E-03
 0.18228777E-04   -0.35771888E-04   -0.16526841E-04   -0.39560326E-05    0.11338463E-03
-0.39628766E-04   -0.49163391E-04   -0.24076251E-03   -0.11741361E-04   -0.12915989E-04
 0.18033566E-03    0.11191484E-03    0.14595422E-03    0.24044325E-03   -0.12084538E-04
-0.81411295E-06   -0.49013997E-04    0.23700360E-03    0.60297080E-05    0.74145253E-05
 0.92268794E-06    0.15295996E-04    0.33457003E-06   -0.26595122E-06   -0.25398177E-05
 0.80368151E-04    0.23144647E-05    0.21405907E-04    0.43076258E-05    0.84961082E-05
-0.48689280E-06   -0.15383701E-05   -0.30511315E-05    0.31589702E-04    0.17409451E-03
-0.66293956E-05   -0.93275361E-05    0.16701670E-04    0.14578185E-05    0.25121065E-04
 0.41843044E-07    0.54476027E-05   -0.13397196E-05   -0.14601674E-05    0.70168756E-04
-0.79108851E-05    0.22599737E-04   -0.45193651E-05    0.38631212E-05    0.22196273E-06
 0.76364029E-05   -0.86146883E-06    0.55159105E-05   -0.95460730E-05    0.27577357E-04
 0.17371152E-03   -0.14083717E-05   -0.20677009E-05   -0.10766842E-04   -0.77064551E-05
 0.34388776E-05    0.28027212E-04    0.40209465E-05   -0.23615998E-05    0.17175927E-06
-0.24858918E-05   -0.19235527E-06    0.89802154E-04   -0.17435016E-04    0.43874438E-06
 0.15415854E-04   -0.27162472E-05    0.35670722E-06    0.93642372E-05    0.10071368E-06
-0.13668133E-05   -0.11202212E-04    0.45514543E-05   -0.16204098E-04    0.31547666E-04
 0.17923079E-03   -0.74172302E-06   -0.36637611E-04   -0.17717622E-04   -0.57750821E-05
 0.10354885E-04   -0.27689758E-05    0.20694085E-04   -0.93794335E-06   -0.48466295E-05
-0.79209625E-05   -0.35601519E-05   -0.76350393E-05    0.24457528E-05    0.12208131E-03
 0.14494436E-04   -0.26054173E-05    0.74810598E-05    0.17748791E-05    0.69665238E-05
 0.44981369E-05    0.16805202E-04    0.10199967E-04   -0.19580991E-04   -0.34622714E-05
-0.10177225E-04    0.11757448E-04   -0.23332612E-04    0.30121622E-04    0.29708808E-03
 0.42356410E-04    0.11082207E-04   -0.98093752E-04   -0.73100638E-05    0.21578500E-04
 0.17239121E-04   -0.26766651E-04   -0.49848049E-05   -0.13672448E-04   -0.11202782E-05
 0.11966019E-04   -0.10283016E-04    0.44040215E-04    0.25284695E-04   -0.52942373E-05
 0.14325434E-02   -0.34606454E-04   -0.45310582E-04    0.23184803E-03    0.12250439E-04
-0.43055733E-05   -0.43709527E-05    0.22577850E-04    0.11839939E-04   -0.28274670E-04
 0.11428715E-04    0.19767671E-04   -0.79829798E-05   -0.40514660E-04   -0.11020067E-04
-0.12962381E-04   -0.38815909E-03    0.18609275E-02   -0.11375430E-03   -0.13873191E-03
-0.68761375E-04    0.20525611E-04    0.11525883E-04   -0.21706633E-05   -0.10347721E-04
-0.75213032E-05   -0.83799571E-05    0.74499774E-05   -0.30177078E-04    0.24992502E-05
 0.18419493E-04    0.22242423E-05    0.43304811E-04   -0.17886684E-03    0.12502741E-03
 0.17913342E-02    0.67777559E-04    0.51276899E-04    0.60379807E-04   -0.43139768E-05
 0.90661789E-05   -0.97031812E-05    0.31372512E-04   -0.14277177E-04    0.11466356E-04
 0.14303361E-04    0.32520221E-04   -0.47422382E-05   -0.24100793E-04   -0.24081823E-04
-0.32844349E-04    0.10233991E-03   -0.14454286E-03   -0.75059198E-03    0.19756997E-02
 0.19696546E-03   -0.19938167E-04   -0.24510597E-03   -0.77925872E-05    0.34781714E-04
 0.45322965E-04   -0.44987265E-04    0.27208843E-04    0.12617393E-04   -0.16579649E-05
 0.98308294E-06    0.31714523E-05   -0.24469233E-04   -0.11345378E-04    0.35239438E-05
 0.58026008E-04   -0.13632762E-03   -0.35733887E-04   -0.29144860E-03    0.17024038E-02
-0.16724785E-03    0.16720345E-03    0.51450062E-04    0.72562228E-05   -0.24598436E-04
-0.83937037E-05   -0.12957315E-04    0.97882162E-05    0.18459602E-04   -0.83604537E-05
 0.29721647E-04    0.26756997E-05   -0.98220174E-05   -0.23737341E-04    0.17099454E-04
-0.84139801E-03    0.27609727E-03    0.11950110E-03   -0.76027564E-04    0.26737921E-04
 0.20133697E-02    0.26336488E-03    0.18432272E-03   -0.36514116E-04   -0.72813795E-05
-0.22594132E-04    0.25678605E-04    0.68344452E-04   -0.10471343E-05    0.15957357E-04
 0.11638404E-04   -0.15275129E-04    0.60655875E-05   -0.28046556E-04    0.27269235E-04
-0.27687746E-04   -0.74736823E-03    0.16425177E-03    0.10790488E-03   -0.46175920E-04
-0.38840875E-04   -0.90546910E-04    0.19864206E-02    0.15146156E-03    0.31651245E-04
-0.63655666E-05    0.55264373E-05    0.16027279E-04    0.28038370E-05    0.98865209E-05
-0.20598333E-04   -0.25108204E-04   -0.36001443E-06   -0.20220135E-04    0.15011334E-05
-0.38906623E-04   -0.41789913E-04   -0.12524829E-04   -0.85020395E-03    0.17285921E-03
 0.10773023E-03    0.84957588E-05   -0.14014641E-05    0.26971551E-03   -0.62914283E-06
 0.20320224E-02   -0.16305795E-03   -0.16476808E-04    0.14883042E-03    0.90894837E-05
-0.12850618E-04   -0.23066391E-04    0.22046705E-05   -0.28875089E-04    0.86390205E-05
 0.26132391E-05    0.13288500E-04    0.83834014E-05    0.78195431E-05    0.70393825E-05
 0.16128736E-04   -0.60779081E-04    0.12710797E-03    0.51558267E-04    0.24858721E-03
-0.11594644E-02    0.80064532E-05    0.29522710E-04   -0.57566711E-04    0.14449289E-02
 0.35841425E-04   -0.10292362E-03   -0.17086318E-03   -0.48895947E-05   -0.13043636E-04
 0.86778622E-05   -0.36178770E-04   -0.25607138E-04   -0.39238998E-05   -0.56710218E-05
-0.36673924E-04   -0.18003680E-04    0.25801965E-04    0.33677603E-05   -0.49422307E-04
 0.24908651E-03   -0.10722344E-02   -0.12912658E-03    0.29317451E-04   -0.67598492E-04
-0.55003657E-03    0.10588613E-03   -0.12806361E-03    0.63921140E-04    0.21830383E-02
-0.17520928E-03    0.24509879E-04   -0.16736474E-03   -0.61017186E-05    0.11544506E-04
 0.83882851E-05   -0.16972922E-04    0.67738243E-05    0.11924560E-04   -0.28968725E-04
-0.26807763E-04    0.16569138E-05   -0.67978522E-05   -0.62170670E-05    0.38176952E-04
 0.15884657E-03   -0.97837292E-03   -0.63417821E-05    0.35035767E-04    0.12348559E-03
-0.61156885E-05   -0.65028115E-03    0.18939107E-03   -0.15140423E-03    0.89639593E-04
 0.23299327E-02    0.11097758E-03    0.70266206E-04   -0.18595665E-04    0.66429901E-06
 0.83247236E-05   -0.32425209E-04   -0.16212712E-05   -0.19577205E-05    0.21015118E-04
-0.44746999E-05    0.32019846E-04    0.21873733E-04    0.52933743E-04   -0.39505166E-05
 0.31414777E-04    0.25594371E-03   -0.10982609E-02   -0.83699394E-04    0.13877872E-03
 0.24182830E-04   -0.11816095E-03    0.65040122E-04   -0.53443984E-03    0.21476055E-04
 0.25643559E-03   -0.23742936E-04    0.23865439E-02   -0.14960165E-04    0.87846221E-04
-0.15714752E-03    0.28868712E-05    0.27225216E-04   -0.31774485E-05   -0.25883628E-04
 0.13541626E-04    0.10365765E-04    0.87871624E-05    0.11282284E-04    0.85891542E-06
-0.15055453E-05   -0.35014242E-04    0.11544258E-05    0.16109351E-04    0.27913439E-04
 0.53099797E-04   -0.29484995E-05    0.59961462E-04   -0.40554224E-04    0.15967737E-04
 0.93955777E-04   -0.67619767E-05   -0.14145884E-03    0.12730627E-03   -0.67408843E-04
 0.16590718E-02   -0.28669648E-04   -0.23835093E-04    0.13628826E-03   -0.65330194E-05
-0.84628251E-05   -0.40640785E-04    0.12128180E-04   -0.78872513E-06    0.45274554E-05
-0.83651248E-05    0.14212976E-05    0.29700039E-06    0.49956602E-05   -0.24305313E-04
 0.85008523E-05   -0.52421619E-05    0.36358079E-04   -0.11409797E-04    0.11105531E-03
-0.30941150E-03    0.56821442E-04   -0.50677942E-04   -0.12594691E-03    0.27210075E-03
 0.27526781E-04   -0.60194065E-04    0.65586651E-04   -0.23495570E-03    0.10292391E-02
 0.57256168E-04    0.44920020E-04   -0.54611824E-04   -0.16154362E-04   -0.28846506E-04
 0.23658371E-04   -0.51225279E-04    0.11379159E-04    0.72204395E-05   -0.67536558E-05
 0.89490730E-05   -0.72206080E-05    0.21200291E-04    0.95589878E-05   -0.41130928E-04
 0.16504255E-03   -0.99475579E-04   -0.10473632E-02    0.43394579E-03   -0.13219981E-04
-0.16385004E-03   -0.31740377E-04   -0.13907722E-03    0.39076851E-04    0.25677295E-03
-0.11238153E-03    0.12977678E-03   -0.18214670E-03    0.32178785E-04    0.22286145E-02
 0.73356100E-04    0.65820895E-04    0.89953068E-04   -0.24428038E-04    0.45543170E-05
 0.31476353E-05    0.30115897E-04   -0.11855483E-04   -0.40436726E-04   -0.14738204E-04
 0.46985758E-04   -0.75169602E-05   -0.17942043E-04   -0.56448984E-05   -0.10794020E-04
 0.82885260E-04   -0.61231077E-04   -0.10898691E-02    0.44074741E-03    0.42851664E-04
-0.74141029E-04   -0.30548005E-03    0.40381747E-04   -0.10265334E-03    0.44873308E-04
 0.21112461E-03   -0.16264959E-04   -0.98607532E-04    0.40015514E-04    0.17386705E-03
 0.23082942E-02    0.21329177E-04    0.59544711E-04    0.54786812E-04   -0.46705738E-04
-0.31628839E-04   -0.15748384E-04    0.12035012E-04   -0.10065669E-04    0.15282005E-04
 0.38897292E-05    0.38189491E-04    0.14725308E-04   -0.37641300E-04   -0.96604716E-06
-0.18889639E-04    0.34957240E-04   -0.10520579E-03   -0.93103581E-03    0.37673498E-03
-0.66988761E-04   -0.19078169E-04    0.65522199E-04   -0.17145223E-03    0.49613031E-04
 0.12592827E-03   -0.56465627E-04    0.17707096E-03   -0.13544632E-04    0.42857804E-04
 0.12450411E-03    0.10990509E-03    0.20710690E-02   -0.20684475E-03    0.37276343E-03
-0.44892181E-03    0.12198689E-03    0.38777351E-04   -0.61316203E-04   -0.83107256E-04
 0.65876622E-04   -0.80257768E-05    0.82445355E-04    0.12561404E-03   -0.37759751E-04
-0.33944258E-04   -0.19511202E-03   -0.11522734E-03    0.90952064E-04   -0.46698429E-04
 0.80648514E-04   -0.24925739E-04    0.33321552E-03    0.95152922E-05   -0.99623149E-04
-0.43484420E-04   -0.92116914E-04   -0.27843104E-03    0.14471730E-03    0.83429652E-05
 0.14993335E-02   -0.26075463E-03   -0.18885113E-03   -0.11684516E-03   -0.26821027E-04
 0.80309778E-02    0.63314625E-05   -0.27688206E-03    0.17013007E-03   -0.43696560E-04
-0.29347871E-04    0.51325032E-04    0.55017443E-04   -0.50420179E-04   -0.11365180E-04
-0.55931486E-04   -0.96668539E-04    0.18075004E-04    0.27321911E-05    0.95496311E-04
 0.10222622E-03   -0.25128712E-05   -0.96964863E-04   -0.10722268E-04    0.60926977E-04
-0.16249678E-03    0.15727290E-04   -0.17625256E-04   -0.11954257E-03    0.33251511E-04
 0.21606981E-03    0.11910995E-03    0.13849575E-04   -0.14059377E-02    0.20668064E-03
 0.11064928E-03    0.20562354E-03   -0.72980488E-04   -0.38489949E-02    0.34629733E-02
 0.31090346E-04   -0.56708144E-04    0.22939064E-03   -0.17109411E-04   -0.16124914E-04
 0.25368432E-04    0.28656116E-04   -0.80307272E-05   -0.36877203E-06   -0.36641840E-04
-0.64266800E-04    0.13818962E-04   -0.14027859E-04    0.76508381E-04    0.19637799E-03
-0.81409935E-04   -0.41752490E-04   -0.98805335E-04    0.16409852E-04   -0.10043548E-04
 0.11465759E-03   -0.52848359E-06   -0.81124642E-04    0.31962826E-04    0.41294716E-04
 0.25579414E-04   -0.11713346E-04   -0.60197592E-03    0.83123492E-04    0.52579012E-04
 0.31569857E-03   -0.27220192E-04   -0.16276839E-02    0.16518216E-02    0.25902989E-02
-0.32127151E-03    0.50901282E-04    0.29282807E-03   -0.38938906E-04   -0.50535420E-04
-0.24278261E-04    0.56633064E-04    0.90062376E-05   -0.95592291E-05   -0.31433301E-04
 0.30316247E-04    0.23739203E-04    0.23512684E-04    0.97356656E-05    0.44049803E-04
 0.28635089E-04    0.10990306E-03    0.23305414E-04   -0.65466397E-04   -0.65225097E-03
 0.27040022E-04    0.65364008E-04   -0.20303587E-03    0.62088173E-03    0.12567705E-03
 0.36620973E-04   -0.16637546E-03   -0.32181636E-03    0.20076649E-03    0.55062184E-04
-0.16967850E-04    0.57291841E-04   -0.12142726E-02    0.69751473E-03    0.40692690E-03
 0.29426494E-02   -0.74037175E-04   -0.40100786E-04   -0.18423590E-03    0.21063008E-04
 0.18805919E-04    0.14988219E-04   -0.54825832E-04    0.25679671E-04    0.13884558E-04
 0.79620561E-05   -0.16986952E-06   -0.11016714E-04   -0.19600767E-04   -0.19701905E-05
-0.35496022E-04   -0.99437419E-04    0.59552090E-04    0.14273472E-03   -0.19062901E-03
 0.36611439E-03   -0.53364294E-04    0.10395963E-03    0.17082435E-03   -0.25474064E-03
-0.68554994E-04   -0.20506503E-04   -0.84430931E-04    0.18357866E-03   -0.88938070E-03
-0.87338478E-04   -0.16360833E-03   -0.84677721E-04    0.47883328E-03   -0.55158256E-03
-0.58483612E-03   -0.30434415E-03    0.16919021E-02   -0.14227451E-05    0.32644803E-04
 0.10791609E-04    0.80044550E-05    0.19338012E-04    0.21460055E-04   -0.12631787E-04
-0.19315547E-05   -0.93271113E-05    0.17134314E-04   -0.78610174E-05   -0.55004143E-05
 0.59275365E-05    0.12874636E-04    0.48979033E-04   -0.29064557E-04    0.96965933E-04
 0.38556729E-03   -0.10710190E-02    0.92064173E-05    0.16322022E-03   -0.32421307E-04
-0.11134046E-04   -0.24234436E-04   -0.17472310E-03    0.10174025E-03   -0.15342361E-03
 0.10142774E-04   -0.53376437E-04   -0.97582039E-03    0.18119674E-05    0.32686359E-04
 0.12478185E-04   -0.38921745E-04    0.15400221E-03   -0.14620801E-04    0.41384860E-05
 0.26024052E-02    0.40878989E-04    0.38394522E-05   -0.58397152E-04   -0.13437545E-04
-0.12960229E-04    0.24560562E-04   -0.78316171E-05   -0.90290541E-05    0.83587297E-05
-0.17816193E-04   -0.27648139E-04    0.40712679E-05   -0.66699309E-05    0.31438919E-04
 0.66837505E-05   -0.72853081E-04    0.94123139E-04    0.53021955E-03   -0.11146420E-02
 0.41153901E-05    0.38753515E-04    0.34343007E-03   -0.92113141E-04    0.13374731E-05
 0.96126400E-04   -0.25621763E-03   -0.13997018E-03    0.54345709E-04   -0.50654080E-04
-0.10154434E-03   -0.10117735E-02   -0.21142654E-04   -0.31005087E-03    0.13021713E-03
-0.88560309E-04    0.15419938E-04    0.82375412E-04    0.53019543E-05    0.26885524E-02
-0.72099233E-04    0.10808044E-04   -0.28559446E-04    0.29203828E-04    0.17885093E-04
-0.21569597E-05   -0.44514594E-04    0.24958690E-04   -0.17394476E-04    0.13666006E-04
-0.51747888E-05    0.12529425E-04    0.54623303E-04   -0.93175008E-05   -0.60864052E-05
-0.35460125E-04    0.16147141E-03    0.34062771E-03   -0.10044936E-02   -0.50446250E-04
 0.11063232E-04   -0.50066336E-04    0.20620011E-03    0.24207485E-04   -0.11991977E-03
-0.32191030E-04   -0.14494099E-03    0.70080717E-04   -0.41184607E-04   -0.48515068E-04
-0.73426354E-04   -0.80512853E-03    0.75435205E-03   -0.46251001E-03   -0.21454606E-03
-0.22599469E-04    0.10480877E-03    0.23931890E-03   -0.61560364E-04    0.23862879E-02
 0.19140673E-03    0.22243619E-04   -0.15340086E-03   -0.14505571E-04    0.26357733E-04
 0.29124452E-04   -0.15633641E-04    0.15028254E-04   -0.70778311E-05    0.35119457E-05
-0.94083042E-05   -0.95661874E-05   -0.32810339E-04   -0.11296920E-04   -0.63509364E-05
-0.25212532E-05   -0.75448027E-04   -0.14220245E-04   -0.21632285E-03    0.12205786E-02
 0.17334461E-04    0.18113010E-04    0.86000446E-04   -0.10470629E-02   -0.62970911E-04
 0.10955872E-03   -0.81080040E-05    0.38572988E-04   -0.27228327E-03   -0.38017868E-04
 0.72521308E-04   -0.36826198E-04    0.25519374E-03   -0.18741483E-03   -0.61854345E-04
-0.62084433E-03    0.33996747E-03    0.42768219E-04   -0.42142826E-04   -0.84233655E-04
 0.12533458E-02   -0.59520060E-04   -0.85439846E-05   -0.67825528E-04    0.10869205E-04
 0.58373547E-05    0.11981650E-04   -0.12965143E-04    0.26463460E-06   -0.10321343E-05
 0.75509245E-05   -0.12279093E-04   -0.44696591E-05   -0.11998276E-04    0.10906488E-04
-0.11590016E-04   -0.53276360E-04    0.31439989E-04    0.77038402E-04   -0.10015379E-03
 0.39602975E-04   -0.12112393E-04    0.71678356E-04    0.73664631E-04   -0.16093461E-04
-0.13002155E-04   -0.15158010E-04   -0.52026827E-04   -0.12596938E-04   -0.54703237E-03
-0.25180447E-04   -0.75185380E-04   -0.40483358E-04    0.95092371E-04    0.31097578E-04
 0.59842648E-05   -0.34204961E-04    0.78808861E-03    0.17227953E-04    0.73527467E-04
 0.37388014E-04    0.85640143E-04    0.70927545E-03    0.19572333E-03   -0.15767131E-03
-0.10721450E-02    0.41208309E-04    0.31612877E-04    0.50035341E-04   -0.16754754E-03
-0.62213811E-05    0.17937189E-05   -0.69887207E-05    0.92568966E-05   -0.37928326E-04
-0.39594484E-04   -0.12659506E-04   -0.32818523E-04    0.97205203E-04   -0.12293522E-03
-0.85743733E-05    0.54554082E-05    0.35276040E-03   -0.17196228E-03    0.32002271E-04
 0.87938895E-04   -0.26061026E-03    0.86232042E-04    0.16372287E-04   -0.72865006E-05
 0.41522257E-03   -0.16919020E-03   -0.92126286E-04    0.90816054E-04   -0.83920634E-04
 0.15801517E-02   -0.78983590E-03   -0.32756051E-03   -0.11211544E-02    0.22077766E-03
-0.66143706E-05    0.27740394E-04    0.18231885E-04    0.28162688E-03    0.33012816E-04
 0.23336240E-02   -0.49933066E-03   -0.25734635E-03    0.18591741E-03   -0.26812692E-04
-0.25169491E-04    0.19036754E-04    0.34075148E-04   -0.14007445E-04   -0.13914606E-04
-0.98411379E-06   -0.13088066E-04    0.16118621E-04    0.55352654E-05    0.25640715E-04
 0.12080275E-04   -0.77769280E-04    0.10061987E-03    0.45084177E-04    0.27341580E-04
-0.23021438E-03    0.15884635E-03   -0.69910987E-04   -0.82883315E-04    0.17183032E-03
 0.42438683E-04   -0.38635594E-04    0.13062213E-04   -0.45432093E-03    0.98078850E-04
 0.12435915E-03   -0.97189544E-04    0.15444234E-04   -0.11785035E-02    0.73222330E-03
 0.17119868E-03    0.77459237E-03   -0.67944452E-04   -0.53184677E-04   -0.36372419E-04
-0.75383151E-04   -0.18241307E-03    0.18574722E-04   -0.11874531E-02    0.12834134E-02
 0.26991157E-03    0.11013548E-03   -0.18395949E-03    0.79758079E-05    0.31037924E-04
-0.10990964E-04   -0.59828230E-04    0.39062729E-05    0.92543007E-05    0.10982278E-04
 0.19458942E-04    0.51492769E-05    0.65816391E-05   -0.41298145E-05   -0.37998141E-04
 0.58336337E-04    0.55362800E-04    0.27346220E-04   -0.10362252E-03    0.53666321E-04
-0.79384449E-04   -0.33501612E-05    0.77761462E-04   -0.22859120E-04   -0.16708585E-03
-0.54869641E-04   -0.51810337E-04    0.57954200E-03   -0.24522990E-04   -0.10053477E-03
 0.14363859E-04   -0.42372958E-04    0.85286987E-03   -0.67492762E-03   -0.11296403E-03
-0.44606021E-03   -0.14070991E-04   -0.50164350E-05    0.71468353E-04    0.15644411E-03
 0.22017357E-04   -0.65528947E-04    0.79978695E-03   -0.88394293E-03    0.16127617E-02
-0.13842156E-04   -0.18188909E-03    0.16594234E-03   -0.22489962E-04   -0.22167510E-04
 0.24978320E-05    0.15826947E-04   -0.97689419E-05    0.54548607E-05   -0.15798305E-04
-0.18605414E-04    0.72103966E-05    0.15789538E-04    0.30688399E-04    0.17741074E-04
-0.57075751E-04    0.15087680E-04    0.40703153E-04   -0.17526583E-04   -0.12141656E-03
-0.29296841E-04    0.29745759E-04   -0.12609272E-04    0.71144481E-04    0.70858065E-04
-0.61576846E-04    0.37761193E-04   -0.64332077E-03    0.13171137E-03   -0.66312415E-05
-0.45668212E-04    0.45043319E-04   -0.17410852E-02    0.94095669E-03    0.46722456E-03
 0.40034001E-03   -0.12516280E-03    0.20171395E-04    0.81490492E-04   -0.12726561E-03
-0.86686831E-04   -0.36291849E-04   -0.49370638E-03    0.42462620E-03   -0.35678445E-03
 0.85462880E-03    0.63339220E-04    0.66263592E-04   -0.95151538E-04    0.73173374E-05
 0.10285913E-04    0.93665262E-06   -0.11878243E-04    0.42673483E-05   -0.17838480E-04
 0.99365896E-05    0.27766051E-04   -0.83471212E-05    0.59985911E-05   -0.34289324E-04
-0.52933981E-04    0.86805156E-04    0.65955997E-06    0.11141972E-03   -0.49745856E-04
 0.43017318E-04   -0.10447151E-03   -0.40414599E-04    0.79168731E-04   -0.12875615E-04
-0.55237171E-04   -0.14314248E-04   -0.69015089E-05    0.38127529E-03   -0.12511977E-03
-0.61502378E-04   -0.16978412E-03   -0.11455780E-03    0.70679943E-03   -0.70871043E-03
-0.10543042E-02   -0.19988180E-03    0.27889866E-03   -0.74570265E-04    0.87370959E-04
 0.14909962E-03    0.27664692E-04    0.41007055E-04    0.19575301E-03   -0.13000759E-03
 0.13700324E-03   -0.26837897E-03    0.11955169E-02   -0.16152600E-04    0.90878571E-04
-0.17367721E-03    0.11767799E-04    0.18228906E-04    0.29352392E-06   -0.21411159E-04
 0.96161203E-05    0.21884799E-04    0.33490016E-04    0.60523138E-04   -0.17784544E-04
-0.14960764E-04   -0.69356485E-04   -0.31141035E-03    0.51580627E-04    0.60421816E-04
 0.37334324E-04    0.11435515E-05    0.32128149E-04   -0.12355493E-03    0.38111165E-04
 0.11842138E-03   -0.63948550E-04    0.20308149E-04    0.66086369E-05   -0.90755868E-04
 0.39504925E-03   -0.74751856E-04   -0.26474582E-04   -0.19209880E-03    0.12617070E-05
 0.15197045E-02   -0.13330674E-02   -0.18252779E-02   -0.50386504E-03    0.44040664E-03
-0.73003107E-04    0.61143661E-04    0.17080196E-03    0.74295402E-04   -0.22813136E-04
 0.29986760E-03   -0.18646142E-03    0.13456441E-03   -0.34026837E-03    0.54472463E-03
 0.24220689E-02   -0.43501853E-03   -0.22777538E-03    0.20127962E-03   -0.25645538E-04
-0.25704864E-04    0.11279734E-04    0.39699993E-04    0.45560716E-05    0.20882448E-05
-0.12708541E-04   -0.17668140E-04    0.21963493E-04    0.17672272E-04    0.19367490E-04
 0.22296279E-04   -0.44334780E-04    0.58518824E-04   -0.63656762E-05    0.97833403E-05
-0.19190653E-03    0.91876096E-04   -0.98419317E-04   -0.10230357E-03    0.12194243E-03
 0.26992021E-04    0.44951076E-04    0.12286325E-05   -0.35161863E-03    0.80670989E-04
 0.10470866E-03   -0.21901905E-04    0.17530309E-04   -0.10954657E-02    0.66454741E-03
 0.23718852E-03    0.68974485E-03   -0.12312140E-03   -0.66075763E-05   -0.62014998E-04
-0.69013183E-04   -0.16519580E-03   -0.18584146E-04   -0.10870387E-02    0.91948671E-03
-0.71711580E-03    0.39254469E-03   -0.14095184E-03   -0.18421693E-03    0.99830862E-03
 0.72434904E-04   -0.43240860E-04    0.46430082E-04   -0.60179485E-05   -0.30783975E-05
 0.12944683E-05    0.96197349E-05   -0.18923410E-04    0.19181427E-05   -0.13270060E-04
-0.18143114E-04    0.30787714E-05   -0.25957149E-05    0.21778176E-04    0.12131095E-04
 0.19230884E-05    0.10778004E-05    0.94942117E-05   -0.44873754E-04   -0.24899142E-05
 0.18717943E-05   -0.89586465E-05   -0.68391660E-05   -0.18657623E-04    0.33721644E-04
-0.17847170E-04    0.10079019E-04   -0.29788967E-03    0.39569358E-04    0.13685927E-04
 0.35851907E-04    0.52421944E-05   -0.84929997E-03    0.58910622E-03    0.25957302E-03
 0.80364337E-04   -0.77180019E-04    0.76027566E-05    0.82493399E-04   -0.65344108E-04
-0.52571216E-05   -0.77068059E-05   -0.49144384E-04    0.64326059E-04   -0.89245472E-04
 0.23519611E-03   -0.13489123E-03   -0.21234831E-03    0.48936623E-04    0.24930099E-03
-0.50438239E-04   -0.26341997E-04    0.26261272E-04   -0.14595184E-05    0.48486427E-05
-0.16312644E-04    0.43141033E-06   -0.79572233E-06   -0.36743956E-04   -0.96254572E-05
-0.13573100E-04    0.41617869E-05    0.20701639E-05    0.17712581E-04    0.93159727E-04
-0.56739533E-04   -0.31555260E-04   -0.23414974E-04   -0.35968570E-05   -0.65052816E-05
 0.77489498E-04   -0.11464032E-04   -0.13838218E-04    0.49903919E-06    0.73171171E-05
-0.19160101E-05    0.16615420E-04   -0.84857171E-04   -0.54192213E-05    0.14837653E-04
 0.10359441E-03   -0.33191464E-04   -0.90448626E-04    0.28509520E-03    0.60102792E-03
 0.42069306E-04   -0.13007463E-03    0.24805701E-04   -0.84351372E-04    0.28852984E-04
-0.77882827E-05    0.19922741E-04    0.89978219E-05    0.14593292E-04    0.36533490E-05
 0.22175907E-04   -0.21115502E-03   -0.65646658E-03    0.21394216E-04    0.22491940E-04
 0.43508692E-03
