 0.77325821E+00  0.69898647E+00  0.11263345E+01  0.67972422E+00  0.65498543E+00  0.54448658E+00  0.53138983E+00  0.50040007E+00  0.54762518E+00  0.63211370E+00
 0.57502663E+00  0.58014351E+00  0.60642868E+00 -0.15065183E+00  0.20092934E+00  0.21860118E+00 -0.16536362E-01 -0.14058280E+00  0.94108619E-01 -0.21885725E-01
-0.46618875E-01 -0.79141557E-01  0.94393594E-02 -0.12504261E-02 -0.24524884E+00  0.10687429E+00 -0.70289597E-01 -0.72317086E-01  0.22827130E-01  0.36420412E-01
 0.30247641E-02 -0.48925299E-01  0.17006662E+00  0.10668268E+00  0.24306686E+00 -0.10330910E-01  0.27660224E+00  0.15394388E+00 -0.10885503E+00  0.24488958E-01
 0.46491253E-03  0.24623148E-01 -0.27008796E-01  0.35248350E-01  0.12155530E+00 -0.13130636E-01 -0.29140370E-01  0.46726302E-03  0.52757356E-01  0.83644064E-02
-0.14060691E+00 -0.20205507E-02  0.11249606E-01 -0.17644394E-01 -0.22914773E-01  0.33954166E-01 -0.61946671E-01  0.48111219E-01 -0.12271298E+00 -0.13890874E-01
-0.10258115E+00 -0.55195730E-01  0.12913777E+00 -0.57246599E-01  0.50394838E-02 -0.42136750E+00 -0.22818789E+00 -0.55977646E-01 -0.17130440E+00 -0.63515536E-01
 0.23398763E+00 -0.19471099E-02  0.77733626E-02 -0.61456017E-01  0.10819896E+00  0.19780107E-01 -0.13279451E+00 -0.47050186E-01 -0.11197440E-01  0.84547848E-01
 0.48208782E+00 -0.84257476E-01 -0.20816150E+00  0.51143143E-01  0.63940167E-01  0.11156570E+00  0.44764560E-01 -0.29042671E-01  0.13027832E+00 -0.96059442E-02
 0.19187379E+00 -0.70626712E+00  0.42355302E+00  0.59785679E-01 -0.42964187E-02  0.10870838E+00  0.23896924E+00 -0.19957720E+00  0.38585182E-01 -0.17348884E-01
 0.89678898E-01 -0.16292429E+00  0.17323898E+00  0.26335666E+00  0.30322365E-01  0.25661368E-01 -0.18184048E+00 -0.43469137E+00 -0.27634041E-01  0.28724882E+00
-0.29971257E-01  0.65067984E-01 -0.19383906E+00 -0.18622903E-01  0.21903855E+00 -0.15972413E+00  0.87434817E-02  0.24519874E+00 -0.27063981E-01  0.12710811E+00
-0.13964460E-01  0.19814956E+00
 0.97406670E-01  0.12881570E+00  0.12960993E+00  0.69044128E-01  0.24809875E-01  0.23255914E-01  0.51886398E-01  0.37235867E-01  0.25293319E-01  0.24727656E-01
 0.27994411E-01  0.38377907E-01  0.52426282E-01  0.11407912E+00  0.14094530E+00  0.10277256E+00  0.24740714E+00  0.31006115E-01  0.47943179E-01  0.46679713E-01
 0.44874467E-01  0.52341782E-01  0.21864437E-01  0.52355584E-02  0.54909460E-01  0.68734139E-01  0.17285697E+00  0.59025388E-01  0.17322276E-01  0.21014923E-01
 0.44929691E-01  0.45989163E-01  0.44236999E-01  0.51607829E-01  0.45499343E-01  0.45063306E-01  0.59971731E-01  0.44145592E-01  0.56873936E-01  0.17805938E-01
 0.46539526E-02  0.41063078E-01  0.60106128E-01  0.59548888E-01  0.54584049E-01  0.65772504E-01  0.29075766E-01  0.68244035E-02  0.69083348E-01  0.86533964E-01
 0.31326434E+00  0.81605993E-01  0.22998152E-01  0.23043312E-01  0.55495229E-01  0.59306577E-01  0.56961183E-01  0.69722787E-01  0.58199372E-01  0.59848387E-01
 0.72273202E-01  0.56922499E-01  0.68183772E-01  0.27211068E-01  0.60006576E-02  0.10558443E+00  0.33474222E-01  0.39555300E-01  0.40577415E-01  0.39920572E-01
 0.47626760E-01  0.20080639E-01  0.49998756E-02  0.54626543E-01  0.65666385E-01  0.20541035E+00  0.57200968E-01  0.16603295E-01  0.15404353E-01  0.38429700E-01
 0.43881934E-01  0.41113835E-01  0.51049810E-01  0.46834733E-01  0.44526387E-01  0.61271343E-01  0.43563429E-01  0.48791885E-01  0.22519328E-01  0.39753462E-02
 0.18826273E+00  0.47435173E+00  0.13708775E+00  0.78864679E-01  0.87158263E-01  0.91345631E-01  0.10183198E+00  0.10171832E+00  0.46591859E-01  0.10362843E-01
 0.12315977E+00  0.12879565E+00  0.39750591E+00  0.13655427E+00  0.36365658E-01  0.35207175E-01  0.84776580E-01  0.11976860E+00  0.10086958E+00  0.11117148E+00
 0.12211422E+00  0.96421450E-01  0.14076290E+00  0.97139984E-01  0.12805812E+00  0.56551587E-01  0.88694897E-02  0.63529447E-01  0.72316945E-01  0.82273647E-01
 0.27732648E-01  0.19904530E-01
 0.12200000E+03 -0.27801886E+05  0.11527005E+01 -0.27648106E+05  0.10990482E+01  0.55847771E+05  0.56591211E+05  0.56203563E+05  0.28925501E+03  0.18300000E+03
 0.90285213E-06  0.10632799E+01  0.97682166E+00  0.96390259E+00  0.13317105E-01  0.10328669E-01  0.16163248E-01  0.10000000E+01  0.22932509E-01  0.22288050E-05
