 0.77459472E+00  0.69756162E+00  0.11345648E+01  0.68042463E+00  0.65519804E+00  0.54449290E+00  0.52952409E+00  0.50082284E+00  0.54720539E+00  0.63196981E+00
 0.57593042E+00  0.57956511E+00  0.60591263E+00 -0.15625069E+00  0.21291840E+00  0.22943489E+00 -0.42479992E-01 -0.14134683E+00  0.93258128E-01 -0.19744001E-01
-0.45835715E-01 -0.81067584E-01  0.81725568E-02 -0.92387869E-03 -0.24552159E+00  0.10839214E+00 -0.70536129E-01 -0.75104423E-01  0.27443839E-01  0.38356319E-01
 0.11013413E-01 -0.50456539E-01  0.16820495E+00  0.10926156E+00  0.24397045E+00 -0.91963168E-02  0.27629280E+00  0.15205278E+00 -0.10933454E+00  0.26039340E-01
-0.20382255E-02  0.24783384E-01 -0.24383005E-01  0.32076623E-01  0.12074657E+00 -0.11283429E-01 -0.27499385E-01  0.24180913E-03  0.54152232E-01  0.70680529E-02
-0.13866916E+00 -0.21395889E-03  0.19144233E-02 -0.17926967E-01 -0.28882675E-01  0.36852278E-01 -0.60199749E-01  0.46312694E-01 -0.12235317E+00 -0.15168846E-01
-0.10029840E+00 -0.52563768E-01  0.12974431E+00 -0.63664928E-01  0.73096883E-02 -0.42365375E+00 -0.22910799E+00 -0.56648944E-01 -0.16931754E+00 -0.67532532E-01
 0.23405004E+00 -0.22511170E-02  0.76637422E-02 -0.62647760E-01  0.10871283E+00  0.18416779E-01 -0.12892364E+00 -0.48831645E-01 -0.10701636E-01  0.93316697E-01
 0.48082134E+00 -0.82619555E-01 -0.20500350E+00  0.51731665E-01  0.64166196E-01  0.11201534E+00  0.45748942E-01 -0.33869535E-01  0.12954880E+00 -0.12112668E-01
 0.19469169E+00 -0.71580976E+00  0.42587650E+00  0.60355145E-01 -0.46997340E-02  0.10856017E+00  0.24536112E+00 -0.19988522E+00  0.35733812E-01 -0.16042484E-01
 0.90610072E-01 -0.16165429E+00  0.17638206E+00  0.25994474E+00  0.40151477E-01  0.24495937E-01 -0.19492902E+00 -0.43238211E+00 -0.30723460E-01  0.28251797E+00
-0.31128157E-01  0.63989952E-01 -0.19583726E+00 -0.20322617E-01  0.22655758E+00 -0.16421768E+00  0.12288725E-01  0.24429248E+00 -0.25973592E-01  0.12568040E+00
-0.13065576E-01  0.19769591E+00
 0.97750723E-01  0.12736718E+00  0.13022321E+00  0.67734987E-01  0.24747048E-01  0.23232097E-01  0.51892914E-01  0.37145272E-01  0.25256960E-01  0.24738194E-01
 0.27999993E-01  0.38302414E-01  0.52384753E-01  0.11517560E+00  0.14173494E+00  0.10265698E+00  0.25212374E+00  0.30979967E-01  0.47905043E-01  0.46759170E-01
 0.44859935E-01  0.52250057E-01  0.21785485E-01  0.52037272E-02  0.54811019E-01  0.68801224E-01  0.17157812E+00  0.58919583E-01  0.17284734E-01  0.20927865E-01
 0.44969548E-01  0.45963816E-01  0.44093683E-01  0.51535964E-01  0.45476183E-01  0.44993661E-01  0.59949763E-01  0.44062383E-01  0.56855608E-01  0.17739926E-01
 0.47930176E-02  0.40969539E-01  0.59852537E-01  0.59497073E-01  0.54485019E-01  0.65488152E-01  0.28827153E-01  0.67439005E-02  0.68847895E-01  0.86079605E-01
 0.31147307E+00  0.81570044E-01  0.22533828E-01  0.22979131E-01  0.55469621E-01  0.59145767E-01  0.56580491E-01  0.69629341E-01  0.57961065E-01  0.59647650E-01
 0.72132163E-01  0.56815691E-01  0.68036512E-01  0.27672954E-01  0.62931865E-02  0.10412777E+00  0.33458926E-01  0.39573055E-01  0.40677119E-01  0.39923150E-01
 0.47586005E-01  0.20136533E-01  0.49986253E-02  0.54414187E-01  0.65698959E-01  0.20436190E+00  0.57172447E-01  0.16657822E-01  0.15439500E-01  0.38287532E-01
 0.43903600E-01  0.40856905E-01  0.51142786E-01  0.46630755E-01  0.44493727E-01  0.61011165E-01  0.43492734E-01  0.48898555E-01  0.22490148E-01  0.40321904E-02
 0.18799840E+00  0.47273925E+00  0.13686913E+00  0.79227649E-01  0.87032817E-01  0.91566242E-01  0.10156129E+00  0.10209713E+00  0.46343405E-01  0.10322218E-01
 0.12357264E+00  0.12938172E+00  0.40057820E+00  0.13695274E+00  0.36617421E-01  0.35540499E-01  0.85144714E-01  0.12027048E+00  0.10002486E+00  0.11166552E+00
 0.12197605E+00  0.96580796E-01  0.14007883E+00  0.96778683E-01  0.12850940E+00  0.57716645E-01  0.95649678E-02  0.62014706E-01  0.70380509E-01  0.80293730E-01
 0.27327744E-01  0.19870702E-01
 0.12200000E+03 -0.27801076E+05  0.11531428E+01 -0.27649324E+05  0.11004787E+01  0.55846153E+05  0.56589592E+05  0.56201944E+05  0.28488178E+03  0.18300000E+03
 0.20740363E-05  0.10653694E+01  0.97773153E+00  0.96531960E+00  0.13040173E-01  0.10012519E-01  0.15909211E-01  0.10000000E+01  0.22794306E-01  0.22045721E-05
