 0.69324557E+00  0.73542589E+00  0.10201534E+01  0.24465772E+00  0.23837689E+00  0.24480888E+00  0.28733427E+00  0.50500327E-01  0.32049802E+00  0.47476923E-01
 0.29535300E+00  0.40933215E-01  0.29379699E+00  0.62401278E-01  0.34571915E+00  0.10724524E-01 -0.28502813E-01  0.33705198E-01  0.31392653E-01  0.69162638E-01
 0.12060650E-01  0.48580204E-01 -0.78274002E-01  0.17984848E+00  0.66181248E-01 -0.26941638E-02  0.66277444E-02 -0.33914055E+00  0.19920213E+00 -0.10006148E+00
 0.15591188E-01  0.13398883E-01 -0.46521108E+00  0.25743997E+00  0.48758329E+00  0.29224767E+00  0.10919946E-01  0.65295436E-01 -0.18523973E-01 -0.53942931E-01
 0.69156604E-01  0.87104659E-01  0.34559461E+00  0.98893038E-01  0.62585167E+00  0.53884479E-01  0.55058427E+00  0.29947972E+00  0.60642010E-01  0.37573972E+00
 0.37106944E-01  0.36947557E-01  0.44826320E-01  0.10727230E-01  0.10642728E-01  0.13418536E-01  0.15352368E-01  0.90049003E-02  0.13347105E-01  0.83674850E-02
 0.13145517E-01  0.94943512E-02  0.13354710E-01  0.11287250E-01  0.17585780E-01  0.37822264E-01  0.43015981E-01  0.42645706E-01  0.52918992E-01  0.39557846E-01
 0.44831438E-01  0.44406369E-01  0.45007124E-01  0.36887602E-01  0.46709036E-01  0.48256285E-01  0.48862664E-01  0.51025287E-01  0.32770814E-01  0.47740243E-01
 0.48354267E-01  0.45909788E-01  0.21525447E+00  0.12361185E+00  0.47885042E-01  0.53247152E-01  0.52043862E-01  0.60570568E-01  0.63520254E-01  0.60345031E-01
 0.34093019E-01  0.26618103E-01  0.54896948E-01  0.41800723E-01  0.44895922E-01  0.38266925E-01  0.31701546E-01  0.36853197E-01  0.18306806E-01  0.23259273E-01
 0.50000000E+02 -0.17719476E+05  0.10442318E+01  0.35538952E+05  0.35807840E+05  0.35649000E+05  0.55749263E-04
