"parameter","matrix","row","column","estimate","se"
1,"lambda","X2","SX",0.69324557,0.037106944
2,"lambda","X3","SX",0.73542589,0.036947557
3,"lambda","X4","SX",1.0201534,0.04482632
4,"theta","X2","X2",0.24465772,0.01072723
5,"theta","X3","X3",0.23837689,0.010642728
6,"theta","X4","X4",0.24480888,0.013418536
7,"theta","X5","X5",0.28733427,0.015352368
8,"theta","Y2","X2",0.050500327,0.0090049003
9,"theta","Y2","Y2",0.32049802,0.013347105
10,"theta","Y3","X3",0.047476923,0.008367485
11,"theta","Y3","Y3",0.295353,0.013145517
12,"theta","Y4","X4",0.040933215,0.0094943512
13,"theta","Y4","Y4",0.29379699,0.01335471
14,"theta","Y5","X5",0.062401278,0.01128725
15,"theta","Y5","Y5",0.34571915,0.01758578
16,"alpha","1","SX",0.010724524,0.037822264
17,"alpha","1","IX",-0.028502813,0.043015981
18,"alpha","1","IY",0.033705198,0.042645706
19,"alpha","1","SY",0.031392653,0.052918992
20,"beta","SX","Z0",0.069162638,0.039557846
21,"beta","SX","C1",0.01206065,0.044831438
22,"beta","SX","C2",0.048580204,0.044406369
23,"beta","SX","C3",-0.078274002,0.045007124
24,"beta","IX","Z0",0.17984848,0.036887602
25,"beta","IX","C1",0.066181248,0.046709036
26,"beta","IX","C2",-0.0026941638,0.048256285
27,"beta","IX","C3",0.0066277444,0.048862664
28,"beta","IY","IX",-0.33914055,0.051025287
29,"beta","IY","Z0",0.19920213,0.032770814
30,"beta","IY","C1",-0.10006148,0.047740243
31,"beta","IY","C2",0.015591188,0.048354267
32,"beta","IY","C3",0.013398883,0.045909788
33,"beta","SY","SX",-0.46521108,0.21525447
34,"beta","SY","IX",0.25743997,0.12361185
35,"beta","SY","IY",0.48758329,0.047885042
36,"beta","SY","SXZ",0.29224767,0.053247152
37,"beta","SY","Z0",0.010919946,0.052043862
38,"beta","SY","C1",0.065295436,0.060570568
39,"beta","SY","C2",-0.018523973,0.063520254
40,"beta","SY","C3",-0.053942931,0.060345031
41,"beta","X1","Z0",0.069156604,0.034093019
42,"beta","Y1","Z0",0.087104659,0.026618103
43,"psi","SX","SX",0.34559461,0.054896948
44,"psi","IX","SX",0.098893038,0.041800723
45,"psi","IX","IX",0.62585167,0.044895922
46,"psi","IY","SX",0.053884479,0.038266925
47,"psi","IY","IY",0.55058427,0.031701546
48,"psi","X1","X1",0.29947972,0.036853197
49,"psi","Y1","X1",0.06064201,0.018306806
50,"psi","Y1","Y1",0.37573972,0.023259273
