 0.13769253E-02    0.51249135E-03    0.13651220E-02    0.57083576E-03    0.79609771E-03
 0.20093990E-02    0.43498963E-05   -0.16805485E-04    0.19933795E-04    0.11507345E-03
 0.11509372E-04   -0.43253570E-04   -0.22149258E-04   -0.44827928E-05    0.11326766E-03
-0.36614595E-04   -0.53571806E-04   -0.20906348E-03   -0.14241959E-04   -0.13354114E-04
 0.18005710E-03    0.11802629E-03    0.14246794E-03    0.21712417E-03   -0.14135877E-04
-0.25867265E-05   -0.34574017E-04    0.23569520E-03   -0.59933009E-05    0.76408030E-05
 0.41661920E-05    0.16103345E-04   -0.41671017E-06   -0.14243044E-05   -0.30381196E-05
 0.81088229E-04    0.47397473E-05    0.29987961E-04    0.46640866E-05    0.10518620E-04
 0.63076960E-06   -0.50284751E-05   -0.48206803E-05    0.33448300E-04    0.17814521E-03
-0.51257763E-05   -0.82019397E-05    0.19434242E-04    0.11491834E-05    0.24976006E-04
-0.37330945E-06    0.54438751E-05   -0.16390019E-05   -0.45021172E-06    0.70014806E-04
-0.53045732E-05    0.15932365E-04   -0.49004383E-06    0.29465172E-05   -0.94911486E-07
 0.86859433E-05    0.76065298E-06    0.49734342E-05   -0.89723874E-05    0.26670844E-04
 0.17280461E-03    0.43692348E-05    0.53391593E-06    0.39958634E-05   -0.84114004E-05
 0.34200433E-05    0.27800336E-04    0.93370917E-05   -0.34395266E-05   -0.26468022E-05
-0.26344954E-05    0.18512743E-06    0.90142704E-04   -0.23349790E-04   -0.25244508E-05
 0.39400316E-05   -0.24851741E-05    0.85977307E-06    0.90093556E-05   -0.16054588E-05
-0.15268186E-05   -0.14419524E-04    0.43770007E-05   -0.18723990E-04    0.31264552E-04
 0.17834828E-03   -0.14596205E-04   -0.57240894E-04   -0.65815082E-04   -0.80527171E-05
 0.96756644E-05    0.11746194E-04    0.20533080E-04   -0.23406970E-05   -0.72128807E-05
-0.69410255E-05   -0.10607273E-06   -0.21838798E-05    0.31352809E-05    0.12740201E-03
-0.79210781E-05    0.22963053E-04   -0.25587839E-04    0.10353192E-04    0.13091179E-04
-0.16130723E-04    0.27000111E-06    0.11390235E-04   -0.18162937E-04    0.36842600E-05
-0.20570673E-05    0.96748877E-05   -0.41801128E-05    0.56446435E-05    0.30925966E-03
 0.25460218E-04    0.70188446E-05   -0.83853144E-04   -0.69387877E-05    0.20802534E-04
 0.11149015E-04   -0.25269699E-04   -0.63080112E-05   -0.14087008E-04   -0.12067794E-05
 0.10321115E-04   -0.11902617E-04    0.45546914E-04    0.27937497E-04    0.11105250E-04
 0.14305237E-02   -0.15366215E-04   -0.43879536E-04    0.22462561E-03    0.11977502E-04
-0.37551096E-05    0.34991300E-05    0.20561175E-04    0.12743887E-04   -0.28512895E-04
 0.11373998E-04    0.19379539E-04   -0.30017380E-05   -0.39430189E-04   -0.11553203E-04
-0.46157813E-05   -0.38235858E-03    0.18503746E-02   -0.12827870E-03   -0.16249002E-03
-0.65142285E-04    0.21003082E-04    0.11660617E-04   -0.16519530E-05   -0.10173816E-04
-0.59228780E-05   -0.73955839E-05    0.76782621E-05   -0.29518840E-04    0.46866913E-05
 0.20873634E-04    0.37067104E-05    0.50768754E-04   -0.21019996E-03    0.23905631E-03
 0.18186563E-02    0.11981218E-03    0.10426442E-03    0.48916888E-04   -0.16027446E-04
 0.99437219E-05    0.20994039E-06    0.33871239E-04   -0.17939964E-04    0.81734242E-05
 0.92337703E-05    0.39646700E-04   -0.90644586E-05   -0.15713990E-04   -0.75122304E-05
-0.59109246E-04    0.62790745E-03   -0.56655522E-03   -0.12942090E-02    0.28004197E-02
 0.16273820E-03   -0.40785653E-04   -0.21284056E-03   -0.93344413E-05    0.30395332E-04
 0.37747162E-04   -0.39014336E-04    0.23450186E-04    0.15158251E-04   -0.27655333E-05
-0.25831970E-05    0.26747053E-05   -0.21427923E-04   -0.46129163E-05    0.12791117E-04
 0.38772435E-04   -0.11866094E-03   -0.35588348E-04   -0.27557274E-03    0.15648232E-02
-0.16486996E-03    0.18904067E-03    0.71542464E-04    0.77572021E-05   -0.23630017E-04
-0.12600825E-04   -0.14054858E-04    0.10983572E-04    0.14552613E-04   -0.76829680E-05
 0.30777478E-04    0.95152220E-06   -0.82904757E-05   -0.29722708E-04   -0.30517459E-05
-0.83657323E-03    0.26893146E-03    0.13959913E-03   -0.39091230E-03    0.36664906E-04
 0.20098578E-02    0.26045654E-03    0.16920978E-03   -0.42553840E-04   -0.98844433E-05
-0.23540934E-04    0.27855935E-04    0.67354235E-04   -0.36928203E-05    0.14614459E-04
 0.10657036E-04   -0.14680973E-04    0.81279438E-05   -0.30060580E-04    0.24938472E-04
-0.28308625E-04   -0.74957285E-03    0.16207587E-03    0.11935493E-03   -0.31519445E-03
-0.37161045E-04   -0.89352072E-04    0.19719256E-02    0.15822889E-03    0.13975376E-04
-0.10063150E-04    0.43551034E-05    0.16138848E-04    0.59779394E-05    0.13725779E-04
-0.19924352E-04   -0.20340380E-04   -0.99215227E-06   -0.19762792E-04    0.29964675E-05
-0.39222270E-04   -0.34125187E-04   -0.29570311E-05   -0.84994135E-03    0.17406202E-03
 0.11981874E-03   -0.29582095E-03    0.88081649E-05    0.26389465E-03    0.18934480E-05
 0.20256412E-02   -0.13559419E-03   -0.23392429E-06    0.13270385E-03    0.10714899E-04
-0.78854155E-05   -0.24235400E-04   -0.34943747E-05   -0.27070023E-04    0.75156932E-05
 0.40343334E-05    0.14990143E-04    0.66007199E-05    0.72394169E-05   -0.45331347E-06
 0.20582524E-04   -0.47945433E-04    0.11459374E-03    0.56572188E-04    0.20742047E-03
-0.10513726E-02    0.64354979E-06    0.33297699E-04   -0.63030937E-04    0.13606952E-02
 0.43419346E-04   -0.10181397E-03   -0.18363221E-03   -0.38179617E-05   -0.13586352E-04
 0.10952283E-04   -0.31456903E-04   -0.23638570E-04   -0.18514611E-05   -0.52639817E-05
-0.34030596E-04   -0.20614624E-04    0.21248175E-04    0.82915528E-05   -0.69336190E-04
 0.24464067E-03   -0.10643782E-02   -0.19599395E-03    0.30520181E-03   -0.64314887E-04
-0.55003147E-03    0.10633341E-03   -0.12218111E-03    0.60091781E-04    0.21817341E-02
-0.16843206E-03    0.40442159E-04   -0.15986486E-03   -0.43391633E-05    0.12599048E-04
 0.40252586E-05   -0.12676739E-04    0.96574010E-05    0.13035786E-04   -0.28831542E-04
-0.27491987E-04   -0.21632364E-05   -0.54844476E-05   -0.79764259E-07    0.38968320E-04
 0.15425729E-03   -0.96886662E-03   -0.60336883E-04    0.21855939E-03    0.11016781E-03
 0.13810233E-06   -0.64514526E-03    0.19753936E-03   -0.14515296E-03    0.81933774E-04
 0.23286690E-02    0.92050515E-04    0.69445516E-04   -0.23452415E-04   -0.99900646E-06
 0.66869754E-05   -0.32422142E-04   -0.40295952E-05   -0.50375637E-05    0.17163241E-04
-0.49390538E-05    0.32469655E-04    0.20465559E-04    0.50216199E-04   -0.79909640E-05
 0.19888384E-04    0.25315092E-03   -0.10954083E-02   -0.15174724E-03    0.40648946E-03
 0.15454432E-04   -0.11548360E-03    0.67919986E-04   -0.53523935E-03    0.27586284E-04
 0.25385501E-03   -0.34940301E-04    0.23875599E-02   -0.19850048E-03    0.36953048E-05
-0.11412614E-03    0.95024408E-05    0.34940098E-04   -0.92513316E-04   -0.84238455E-04
-0.51761657E-05    0.21142446E-04    0.37656664E-05   -0.26077314E-04   -0.82455345E-05
 0.35653757E-04   -0.78654287E-04    0.28806397E-03    0.91590865E-05    0.21121262E-04
 0.69447940E-04   -0.13362431E-03    0.51942623E-05    0.47677817E-05   -0.24913552E-04
 0.22189884E-04    0.88258337E-04   -0.20218297E-03    0.13182588E-03   -0.74393813E-04
 0.26035799E-02    0.81270116E-05    0.36759657E-05    0.14601177E-03   -0.64826885E-05
-0.84500527E-05   -0.28693078E-04    0.22027070E-04    0.14748634E-05    0.31582148E-05
-0.66076772E-05    0.89043967E-05    0.19153130E-05   -0.59757398E-06   -0.18389722E-04
-0.35051663E-04   -0.16011307E-05    0.39277708E-04   -0.10395238E-04    0.14054506E-03
-0.33350973E-03    0.42610857E-04   -0.37341085E-04   -0.11961686E-03    0.31490083E-03
 0.44184774E-04   -0.69582903E-04    0.71345317E-04   -0.36483844E-03    0.10739263E-02
 0.92599147E-04    0.58325689E-04   -0.61996540E-04   -0.14259545E-04   -0.30501209E-04
 0.28986090E-04   -0.44030657E-04    0.12927182E-04    0.55006192E-05   -0.55509120E-05
 0.10869748E-04   -0.10680340E-04    0.16077560E-04    0.16443673E-04   -0.69191675E-04
 0.18428945E-03   -0.16351671E-03   -0.10746593E-02    0.79270709E-03   -0.15629977E-04
-0.20582466E-03   -0.23174014E-04   -0.13896695E-03    0.38313425E-04    0.39554793E-03
-0.11498013E-03    0.14610215E-03   -0.30474026E-03    0.58477818E-04    0.22791308E-02
 0.62803400E-04    0.98205835E-04    0.88146606E-04   -0.23827206E-04    0.78530599E-05
-0.34545967E-05    0.25423655E-04   -0.11922654E-04   -0.38767648E-04   -0.13464471E-04
 0.46421314E-04   -0.13461882E-04   -0.22326958E-04   -0.17382670E-04   -0.29556737E-04
 0.10040436E-03   -0.12021331E-03   -0.10972664E-02    0.74465953E-03    0.48245058E-04
-0.77960292E-04   -0.34432750E-03    0.53718768E-04   -0.11487441E-03    0.50757069E-04
 0.35400884E-03   -0.26680177E-04    0.91744798E-05    0.87681236E-05    0.16656835E-03
 0.23381351E-02    0.37619365E-04    0.70707901E-04    0.61747136E-04   -0.48721121E-04
-0.32862548E-04   -0.13717727E-04    0.13497715E-04   -0.12316530E-04    0.11101088E-04
 0.24482559E-05    0.40582480E-04    0.17645651E-04   -0.36366568E-04    0.33674761E-07
-0.24830934E-04    0.51804763E-04   -0.17426010E-03   -0.94657584E-03    0.65467672E-03
-0.71510025E-04   -0.27817959E-04    0.73882776E-04   -0.20968165E-03    0.52847776E-04
 0.14504249E-03   -0.69476420E-04    0.33113070E-03   -0.40649443E-04    0.54880835E-04
 0.15161395E-03    0.94919782E-04    0.21077086E-02   -0.64199249E-03    0.40854637E-03
-0.97192551E-03    0.26972223E-03    0.14175604E-03   -0.63982808E-03   -0.53132374E-03
 0.27044547E-04    0.11957933E-03    0.93596174E-04   -0.14089317E-04   -0.20336761E-03
 0.80756376E-04   -0.57030278E-03    0.14322047E-02    0.22227924E-03   -0.26100797E-03
 0.23168270E-04   -0.55923857E-03    0.52185401E-03    0.49651645E-04   -0.22846610E-03
-0.31483284E-03    0.87011074E-04   -0.56679655E-03    0.19919558E-03   -0.19484260E-04
 0.72826530E-02   -0.12139894E-02   -0.84577865E-03    0.59015969E-03   -0.28157558E-03
 0.46334486E-01    0.24761476E-03   -0.27851112E-03    0.27501166E-03   -0.10041106E-03
-0.84019869E-04    0.36237993E-03    0.28471200E-03   -0.14427415E-04   -0.61460728E-04
-0.52082521E-04   -0.30354957E-06    0.74283206E-04   -0.98271678E-04    0.28186362E-03
-0.84845837E-03   -0.60813621E-04    0.15726378E-05   -0.31044560E-04    0.44671397E-03
-0.19423866E-03   -0.28691985E-04    0.72076258E-04    0.40384918E-04   -0.15138864E-03
 0.48594125E-03    0.55912619E-04    0.45645601E-04   -0.50643681E-02    0.75322618E-03
 0.57040364E-03   -0.16909076E-03    0.64457329E-04   -0.24402042E-01    0.15279889E-01
 0.70998007E-04   -0.28818477E-05    0.13652039E-03   -0.89353749E-05   -0.17732651E-04
 0.65387880E-04    0.44275004E-04    0.19322811E-04    0.47910988E-04   -0.62167826E-05
 0.10440892E-04    0.87671632E-06   -0.58910692E-04    0.46285073E-04   -0.23960417E-03
-0.87899336E-04    0.35920932E-04   -0.76584976E-04    0.42793573E-04   -0.22809035E-04
 0.37154441E-05    0.70991837E-04    0.35324972E-04   -0.24609153E-04    0.12374988E-03
-0.90472563E-05   -0.69357760E-04   -0.11705975E-02    0.19994975E-03    0.11439634E-03
 0.10518664E-03    0.40161210E-04   -0.42394376E-02    0.30195427E-02    0.22929772E-02
-0.22664245E-03    0.16312040E-03    0.26685904E-03   -0.30136698E-04   -0.39916889E-04
-0.27147958E-04    0.50547601E-04    0.14797999E-04   -0.26248182E-04   -0.18045171E-04
 0.46623064E-04    0.16317109E-04    0.23588260E-04   -0.27582362E-04   -0.20069522E-04
 0.75334638E-04    0.70022994E-04    0.26145454E-04   -0.19950106E-04   -0.60841335E-03
 0.54840799E-05    0.82512175E-04   -0.22085957E-03    0.58841843E-03    0.10081446E-03
 0.47995889E-04   -0.14511699E-03   -0.16649270E-04    0.17926809E-03    0.38644501E-04
-0.52116128E-04    0.72219699E-04   -0.11492012E-02    0.36003556E-03    0.17058704E-05
 0.28352591E-02   -0.29294868E-04   -0.77999514E-04   -0.26170596E-03    0.17926091E-04
 0.29722613E-04    0.18902286E-04   -0.77502463E-04    0.30265978E-04    0.11510946E-04
 0.14721707E-05   -0.23320868E-04   -0.79549372E-05   -0.12059036E-04    0.59206149E-05
 0.88712665E-04   -0.99009309E-04   -0.36649574E-05    0.13958282E-03   -0.44462418E-03
 0.99899965E-03   -0.24622404E-04    0.79558986E-04    0.18541485E-03   -0.76555625E-03
-0.14144582E-03    0.50622911E-04   -0.97964367E-04    0.44532783E-03   -0.13162513E-02
-0.15302612E-03   -0.89461035E-04   -0.14787064E-03    0.19536444E-02   -0.13223344E-02
-0.56301651E-03   -0.47602773E-03    0.27085636E-02   -0.10187335E-03    0.90481908E-04
 0.62081757E-04    0.13583642E-04    0.23854798E-04    0.42506678E-05   -0.85582217E-05
 0.90012795E-06   -0.23511714E-05    0.19903251E-04    0.87614602E-05   -0.25416192E-06
-0.65016550E-06   -0.81350214E-05    0.62370228E-04   -0.35479542E-03    0.36603522E-03
 0.72442850E-03   -0.15463651E-02    0.29540983E-04    0.86332423E-03   -0.69694573E-04
 0.12216829E-03   -0.36496452E-04   -0.73748619E-03    0.13442760E-03   -0.26988053E-03
 0.14112030E-03   -0.63719768E-04   -0.16552259E-02   -0.69835313E-04   -0.45444239E-04
 0.57159802E-03   -0.42303256E-03    0.12783959E-03   -0.66761644E-04    0.84242048E-04
 0.36687937E-02    0.13948702E-03    0.12524385E-04   -0.28309975E-04   -0.18502920E-04
-0.29928980E-04    0.60704969E-04    0.32372905E-04   -0.89612470E-05    0.10373905E-04
-0.10967755E-04   -0.34755372E-04    0.23045339E-04   -0.10687345E-04    0.66228731E-04
-0.52896839E-04   -0.34218885E-03    0.30692914E-03    0.83812258E-03   -0.15375010E-02
-0.52222516E-04    0.28743103E-04    0.10906628E-02   -0.12836036E-03    0.64356380E-04
 0.11855258E-03   -0.85929414E-03   -0.88335808E-04   -0.29144301E-03    0.72133116E-05
-0.89302563E-04   -0.17673071E-02    0.57790560E-05   -0.25112499E-02    0.12121100E-02
 0.11636514E-03    0.84216346E-04    0.42488326E-04   -0.26637522E-04    0.40348226E-02
-0.88144758E-04   -0.26849740E-04   -0.11185691E-03    0.56855610E-04    0.39894341E-04
-0.37979706E-04   -0.84444491E-04    0.22404227E-04   -0.11257799E-04    0.14504029E-04
-0.38331663E-04   -0.67702598E-05    0.56848558E-04   -0.48419606E-04    0.14148722E-03
-0.32232862E-03    0.39184868E-03    0.63266174E-03   -0.14696306E-02   -0.39663284E-05
 0.11783008E-03   -0.87981953E-04    0.89948847E-03   -0.34675579E-05   -0.25359910E-03
 0.64714913E-04   -0.72512630E-03    0.60362140E-03   -0.18543836E-03   -0.21960124E-03
-0.98143817E-05   -0.14556607E-02    0.39026833E-02   -0.22090423E-02   -0.37943690E-03
-0.11599920E-03    0.31777317E-03    0.41312889E-03   -0.27868828E-03    0.36415227E-02
 0.16440598E-03    0.60525682E-05   -0.12751518E-03   -0.16303143E-04    0.21711491E-04
 0.26754439E-04   -0.95723131E-05    0.12121951E-04   -0.48793986E-05    0.23830685E-05
-0.11521656E-04   -0.80074024E-05   -0.30459555E-04   -0.33183987E-05    0.18890083E-05
-0.17370557E-04   -0.61395904E-04   -0.13157752E-04   -0.22003976E-03    0.11083548E-02
 0.24295809E-04    0.17504297E-04    0.92013020E-04   -0.95947711E-03   -0.58583411E-04
 0.10042911E-03   -0.14210649E-04   -0.40330041E-04   -0.29157119E-03   -0.37394298E-04
 0.79056746E-04   -0.40076713E-04    0.21461369E-03   -0.83173042E-04    0.91896769E-06
-0.56893448E-03    0.80596188E-03    0.67135111E-04   -0.78596478E-04   -0.43108675E-04
 0.11623339E-02   -0.60597398E-04   -0.12261945E-04   -0.72340679E-04    0.11247744E-04
 0.54194619E-05    0.11316728E-04   -0.13678604E-04    0.21348546E-06   -0.19388972E-05
 0.74225296E-05   -0.11977056E-04   -0.49327869E-05   -0.12058949E-04    0.10560499E-04
-0.89976568E-05   -0.54475989E-04    0.32673228E-04    0.81115100E-04   -0.14136122E-03
 0.34761643E-04   -0.92957815E-05    0.70075953E-04    0.74807300E-04   -0.11955007E-04
-0.14859222E-04   -0.15412671E-04   -0.52895291E-04   -0.26223815E-05   -0.54807662E-03
-0.29931279E-04   -0.74959134E-04   -0.45096388E-04    0.23524984E-03   -0.17809737E-04
-0.53506457E-04   -0.25788821E-04    0.93559728E-03    0.21553298E-04    0.10455205E-03
 0.90672317E-04    0.81348859E-04    0.70852340E-03   -0.67112793E-04   -0.22945177E-03
-0.97306827E-03    0.52137786E-04    0.40544025E-04   -0.74668132E-04   -0.21255186E-03
-0.17435139E-04    0.31984532E-04   -0.39333597E-05   -0.16365384E-04   -0.65440500E-04
-0.11000806E-04   -0.63122087E-04    0.23915549E-03    0.75615683E-04   -0.10281806E-03
 0.26543532E-06   -0.10915040E-03    0.26441479E-03   -0.13051344E-03   -0.51499331E-05
 0.23960983E-04   -0.14510494E-03    0.40160176E-04    0.11092016E-04   -0.21793212E-04
 0.12408252E-02   -0.29249421E-03   -0.17314075E-03    0.16122043E-03   -0.11105934E-03
 0.90557666E-02   -0.45491893E-02   -0.71538071E-03   -0.83295431E-03    0.51774791E-03
 0.50923589E-04   -0.42268289E-03    0.71088644E-03    0.18050891E-03    0.49039168E-04
 0.30136749E-02   -0.25490570E-03   -0.17848527E-03    0.98831675E-04   -0.32837699E-04
-0.29762929E-04    0.11337340E-03    0.81059104E-04   -0.76326629E-06   -0.38097682E-04
-0.40762222E-05    0.82034232E-05    0.32727231E-04   -0.16245970E-04    0.82645932E-04
-0.20775163E-03   -0.61270624E-04    0.83883333E-04    0.35838811E-04    0.11306336E-03
-0.14670549E-03    0.11931357E-03   -0.30296313E-04   -0.24369443E-04    0.61925866E-04
 0.81576001E-04   -0.44528432E-04    0.34470014E-04   -0.11824291E-02    0.19569512E-03
 0.19639426E-03   -0.15678032E-03    0.36410391E-04   -0.71356210E-02    0.40841114E-02
 0.57691824E-03    0.44483246E-03   -0.33273161E-03   -0.12747710E-03    0.32209831E-03
-0.61863720E-03   -0.89903142E-04    0.77451382E-05   -0.17554555E-02    0.17473004E-02
 0.39267872E-04    0.18618253E-04   -0.14425885E-03    0.12169323E-04    0.35338607E-04
-0.86792229E-04   -0.10393166E-03   -0.95826776E-05    0.26430521E-04    0.12550997E-04
 0.11442548E-05   -0.73811631E-05    0.27630356E-04   -0.49016092E-04    0.15166911E-03
 0.49575335E-04    0.63107302E-04    0.50969415E-04   -0.21580652E-03   -0.15093394E-04
-0.44532345E-04   -0.42011246E-04    0.22030553E-04    0.71249153E-04   -0.20354451E-03
-0.44257005E-04   -0.67706076E-04    0.13378508E-02   -0.12601724E-03   -0.18727061E-03
 0.55576490E-04   -0.60182771E-04    0.58697881E-02   -0.38028084E-02   -0.54712250E-03
-0.15435603E-03    0.19428267E-03    0.11148225E-03   -0.21943461E-03    0.62803988E-03
-0.55240449E-04   -0.56834214E-04    0.13274484E-02   -0.13127296E-02    0.20156438E-02
 0.99660587E-04   -0.16448638E-03    0.62968479E-04   -0.31815565E-04   -0.29411592E-04
 0.93292010E-04    0.58040372E-04    0.11836973E-05   -0.11873981E-04   -0.13876750E-04
 0.13125667E-04    0.21978894E-04   -0.11005299E-04    0.78251862E-04   -0.23723554E-03
-0.49876587E-04    0.26540736E-04    0.45106021E-04    0.45256310E-04   -0.77790658E-04
-0.63993748E-04    0.50464576E-04    0.45838666E-04   -0.36802302E-05    0.11266886E-03
-0.61751773E-04    0.37317153E-04   -0.13780721E-02    0.23641263E-03    0.83782733E-04
-0.14303041E-03    0.63267915E-04   -0.71128994E-02    0.39119180E-02    0.95044540E-03
 0.13506668E-03   -0.34302958E-03   -0.55298161E-04    0.43023566E-03   -0.59012663E-03
-0.23583906E-04   -0.47813483E-04   -0.12011199E-02    0.10660044E-02   -0.93311512E-03
 0.14643575E-02    0.42165363E-04   -0.14628402E-04   -0.25534354E-04   -0.90582604E-05
 0.22447472E-05    0.12512656E-04    0.99045475E-07   -0.10056390E-04   -0.39350602E-04
-0.70209432E-05   -0.33098368E-05    0.62074662E-05    0.21349314E-04   -0.16432093E-06
 0.41645023E-04    0.61876448E-04   -0.12021953E-04    0.97478860E-04   -0.32166794E-04
 0.14338542E-04   -0.60597431E-04   -0.45997102E-04    0.39637713E-04    0.90480690E-05
-0.50211098E-04   -0.85493482E-05    0.14378309E-04    0.23625153E-03   -0.96991685E-04
-0.59408594E-04   -0.11035343E-03   -0.10606062E-03   -0.11534503E-03   -0.34594296E-03
-0.98897372E-03    0.17061165E-04    0.25432254E-03   -0.10097333E-03    0.11222887E-03
 0.89599406E-04   -0.98434820E-05    0.42690255E-04   -0.42433033E-04    0.40800891E-04
 0.25497636E-04   -0.59239608E-04    0.10049880E-02   -0.19894479E-03   -0.13410280E-03
 0.15340187E-03   -0.29872977E-04   -0.28974694E-04    0.91234425E-04    0.84025618E-04
 0.17140613E-04   -0.19849991E-04   -0.14450195E-04    0.22710830E-05    0.36221387E-04
-0.18089735E-05    0.65689422E-04   -0.17674856E-03   -0.29775712E-04    0.46862084E-04
-0.14476690E-04    0.10192924E-03   -0.12326292E-03    0.55861581E-04   -0.59569367E-04
-0.45289417E-04    0.29907708E-04    0.59050457E-04    0.37617586E-04    0.16342637E-04
-0.98593270E-03    0.16654303E-03    0.16731178E-03   -0.74472819E-04    0.33345955E-04
-0.62768692E-02    0.34814570E-02    0.57244026E-03    0.41838802E-03   -0.33158627E-03
-0.76979687E-04    0.21727899E-03   -0.54166664E-03   -0.86201033E-04   -0.30052727E-04
-0.16034483E-02    0.13269072E-02   -0.10937247E-02    0.94056607E-03    0.24101157E-04
 0.13581582E-02    0.13786014E-03   -0.86537182E-05    0.17333508E-04   -0.77072207E-05
-0.29044612E-05    0.31738293E-04    0.27266649E-04   -0.10758454E-04    0.22973746E-05
-0.90137113E-05   -0.12017276E-05    0.72754930E-05   -0.15611388E-04    0.35190645E-04
-0.99114131E-04    0.56012770E-05    0.13438782E-04    0.12518929E-04   -0.19135389E-04
 0.24841612E-04   -0.21727143E-04    0.19564279E-05    0.32240851E-04   -0.57246227E-04
 0.42508427E-04   -0.16550207E-04    0.83347220E-06   -0.55643082E-03    0.73903471E-04
 0.46046786E-04   -0.16263424E-04    0.10487082E-04   -0.26370868E-02    0.15923649E-02
 0.31696224E-03   -0.90144330E-04   -0.10681352E-03   -0.28205715E-04    0.20102976E-03
-0.20427559E-03    0.31820139E-04   -0.14963396E-04   -0.31563552E-03    0.29757620E-03
-0.30658951E-03    0.45159254E-03   -0.31498312E-04    0.25435968E-03    0.33513913E-03
-0.12127095E-03    0.25705380E-04   -0.41682671E-04    0.19410183E-04    0.18774007E-04
-0.70131944E-04   -0.40228411E-04    0.67472183E-05   -0.78116705E-05    0.82584712E-05
 0.37369254E-05   -0.16175535E-04    0.37508428E-05   -0.46410542E-04    0.11621848E-03
-0.32195839E-04   -0.21787492E-04   -0.94482889E-05   -0.59671443E-04    0.12259794E-04
 0.52850521E-04   -0.20275104E-04   -0.85868798E-06    0.87320484E-05   -0.32997624E-04
 0.40547450E-05   -0.97761822E-05    0.60042840E-03   -0.11395914E-03   -0.53877372E-04
 0.74222024E-04   -0.43902322E-04    0.37526667E-02   -0.19815430E-02   -0.27941985E-03
-0.87732561E-04    0.14794312E-03    0.60756566E-04   -0.26529153E-03    0.38543160E-03
 0.88982316E-05    0.24667259E-04    0.66377701E-03   -0.51491497E-03    0.45451481E-03
-0.58039285E-03   -0.45908766E-04   -0.45489770E-03   -0.23957096E-03    0.54099379E-03
