 0.69967967E+00  0.67901534E+00  0.53509641E+00  0.55320138E+00  0.46832356E+00  0.55573368E+00  0.63237840E+00  0.57445586E+00  0.58082873E+00  0.61494493E+00
-0.14081752E+00  0.30869487E+00  0.22888118E+00  0.48063849E-02 -0.14150065E+00  0.94231993E-01 -0.69928570E-02 -0.12110787E-01 -0.86288713E-01  0.12051874E-01
-0.18387919E-02 -0.23090434E+00  0.10056473E+00 -0.12062068E+00 -0.90549663E-01  0.13532130E-01  0.44852894E-01  0.14010095E-01 -0.43987472E-01  0.17551135E+00
 0.10219117E+00  0.23316985E+00 -0.10253932E-01  0.26609141E+00  0.14770742E+00 -0.88954441E-01  0.18706117E-01  0.87857788E-03  0.34830708E-01 -0.35526831E-01
 0.79853125E-02  0.85849114E-01  0.10685393E-02 -0.48838355E-01  0.32142918E-02  0.38869817E-01  0.24220923E-01 -0.62250402E-01  0.54256108E-01  0.13083234E-01
-0.38489398E-01 -0.47766984E-01  0.29883141E-01 -0.99883206E-01  0.82768880E-01 -0.14318605E+00 -0.17150724E-01 -0.11427534E+00 -0.62890239E-01  0.12750821E+00
-0.66751495E-01  0.34129387E-02 -0.46748203E+00 -0.23489164E+00 -0.53454340E-01 -0.16744167E+00 -0.52090548E-01  0.22826296E+00 -0.53770881E-03  0.74625853E-02
-0.65266632E-01  0.11027440E+00 -0.99533508E-02 -0.14207233E+00 -0.55029061E-01 -0.38442581E-02  0.93078896E-01  0.48288092E+00 -0.73004536E-01 -0.20280714E+00
 0.57187337E-01  0.63495882E-01  0.11862381E+00  0.50356489E-01 -0.27299160E-01  0.12950291E+00 -0.10695918E-01  0.35056201E+00 -0.80422282E+00  0.60758573E+00
 0.12380476E+00 -0.11460148E-01  0.12699752E+00  0.23062772E+00 -0.22692581E+00  0.17500989E-01 -0.15900372E-01  0.10830252E+00 -0.17123801E+00  0.24468175E+00
 0.34334540E+00  0.67902632E-01 -0.19133191E-02 -0.22927383E+00 -0.52038300E+00 -0.67265220E-01  0.34398147E+00 -0.82694955E-01  0.50351154E-01 -0.25336897E+00
-0.52128758E-01  0.23941483E+00 -0.19758712E+00  0.11195913E-01  0.23175929E+00 -0.96110636E-02  0.16122070E+00  0.21961830E-02  0.18274696E+00 -0.87902568E-01
 0.45023780E-01  0.21317268E-01  0.22101786E-01  0.35485189E-01  0.38494807E-01  0.33792317E-01  0.24791786E-01  0.27956873E-01  0.38725261E-01  0.58153722E-01
 0.10754944E+00  0.16654430E+00  0.10083455E+00  0.29440063E+00  0.29406751E-01  0.43605231E-01  0.42924155E-01  0.40875126E-01  0.49271196E-01  0.20498741E-01
 0.50684121E-02  0.50867364E-01  0.66835031E-01  0.17056216E+00  0.57191089E-01  0.16446022E-01  0.20333447E-01  0.41309744E-01  0.43795373E-01  0.41238494E-01
 0.47903769E-01  0.42111512E-01  0.42650390E-01  0.57000745E-01  0.40461816E-01  0.52957911E-01  0.17470870E-01  0.44936915E-02  0.51190693E-01  0.67547731E-01
 0.69336779E-01  0.66514157E-01  0.77765308E-01  0.35124984E-01  0.83923154E-02  0.81644788E-01  0.11061570E+00  0.38817027E+00  0.11194834E+00  0.27817905E-01
 0.27850293E-01  0.65432191E-01  0.74092612E-01  0.67036919E-01  0.86002909E-01  0.68844810E-01  0.73647887E-01  0.86751737E-01  0.68378232E-01  0.79579718E-01
 0.34860965E-01  0.69163358E-02  0.85483961E-01  0.32548796E-01  0.39386626E-01  0.40195830E-01  0.39559081E-01  0.48000030E-01  0.20075385E-01  0.50273617E-02
 0.50370410E-01  0.65497346E-01  0.21003573E+00  0.57201389E-01  0.16428584E-01  0.15468778E-01  0.38211655E-01  0.44167377E-01  0.40107381E-01  0.49509767E-01
 0.44719368E-01  0.44368200E-01  0.58943756E-01  0.42831987E-01  0.48308548E-01  0.21964451E-01  0.40947907E-02  0.34920040E+00  0.56833935E+00  0.40197435E+00
 0.14425159E+00  0.10041622E+00  0.12460355E+00  0.11537296E+00  0.13817412E+00  0.60755655E-01  0.12469646E-01  0.14344659E+00  0.16488829E+00  0.48518130E+00
 0.18363371E+00  0.49596526E-01  0.48088793E-01  0.11473683E+00  0.20669259E+00  0.12007427E+00  0.15380009E+00  0.16646546E+00  0.11360630E+00  0.19313961E+00
 0.12283642E+00  0.15379091E+00  0.94984755E-01  0.11018637E-01  0.33898629E-01  0.49753800E-01  0.85546665E-01  0.31738937E-01  0.32171581E-01  0.17968746E+00
 0.12000000E+03 -0.27818427E+05  0.11395143E+01 -0.27646143E+05  0.10995781E+01  0.55876854E+05  0.56608106E+05  0.56226813E+05  0.32092439E+03  0.18500000E+03
 0.22410531E-08  0.10736736E+01  0.97035654E+00  0.95433305E+00  0.14980403E-01  0.12196370E-01  0.17693626E-01  0.10000000E+01  0.23779862E-01  0.14465580E-05
