 0.77865028E+00  0.67728722E+00  0.11174748E+01  0.69944555E+00  0.65510541E+00  0.54584324E+00  0.53558213E+00  0.50110346E+00 -0.28300863E-01  0.55400032E+00
-0.66482827E-01  0.63542640E+00 -0.47751240E-01  0.57456517E+00 -0.50977420E-01  0.58385772E+00 -0.30562302E-01  0.61273235E+00 -0.14332418E+00  0.18961933E+00
 0.24015884E+00 -0.12821369E+00 -0.14098854E+00  0.90446666E-01 -0.20022336E-01 -0.45703396E-01 -0.80476716E-01  0.75065349E-02 -0.72885479E-03 -0.24607228E+00
 0.10789493E+00 -0.82337856E-01 -0.76709121E-01  0.21341098E-01  0.39617538E-01  0.98231593E-02 -0.50418157E-01  0.16877054E+00  0.10950590E+00  0.24268547E+00
-0.10076172E-01  0.27804255E+00  0.15325619E+00 -0.10753586E+00  0.24268456E-01 -0.17919776E-02  0.25657311E-01 -0.21746514E-01  0.33438481E-01  0.12258427E+00
-0.12146188E-01 -0.26431305E-01  0.52567542E-04  0.55626735E-01  0.65775206E-02 -0.12193262E+00  0.22999076E-02  0.13867983E-01 -0.20910166E-01 -0.35158422E-01
 0.38706966E-01 -0.59298757E-01  0.39870989E-01 -0.11999689E+00 -0.16316241E-01 -0.10523895E+00 -0.54867055E-01  0.13075222E+00 -0.59496321E-01  0.82693622E-02
-0.35331315E+00 -0.22177048E+00 -0.64573891E-01 -0.17175727E+00 -0.61905656E-01  0.24066645E+00 -0.42264042E-02  0.80456305E-02 -0.45559816E-01  0.10073283E+00
 0.20989891E-01 -0.12417718E+00 -0.50824042E-01 -0.10814943E-01  0.91404431E-01  0.48420411E+00 -0.96146785E-01 -0.21094865E+00  0.33675145E-01  0.66662528E-01
 0.89936368E-01  0.32463778E-01 -0.22519503E-01  0.12979369E+00 -0.11485146E-01  0.10019813E+00 -0.24735738E+00  0.42028952E+00  0.38695507E-01  0.13746662E-01
 0.89810595E-01  0.18459335E+00 -0.19921736E+00  0.50925251E-01 -0.17267780E-01  0.44428125E-01 -0.15184054E+00  0.20048369E+00  0.25771922E+00  0.35259046E-01
 0.32653019E-01 -0.18293920E+00 -0.45046788E+00  0.13982257E-01  0.26146784E+00  0.48434686E-01  0.64834386E-01 -0.11967257E+00  0.19642061E-01  0.14787470E+00
-0.13135113E+00  0.89136371E-02  0.22524768E+00 -0.24470109E-02  0.96527211E-01 -0.23361124E-01  0.20669286E+00  0.33711452E-01
 0.10901005E+00  0.13172962E+00  0.14636318E+00  0.83617441E-01  0.26085963E-01  0.23566518E-01  0.58063183E-01  0.38129900E-01  0.27414035E-01  0.33671375E-01
 0.16624432E-01  0.24987165E-01  0.17384900E-01  0.28158277E-01  0.30201234E-01  0.39102729E-01  0.28801803E-01  0.58314428E-01  0.11582375E+00  0.14446355E+00
 0.10088536E+00  0.25242382E+00  0.30958911E-01  0.48056241E-01  0.46687700E-01  0.45064628E-01  0.52210040E-01  0.22042137E-01  0.52395822E-02  0.54553263E-01
 0.68870038E-01  0.17417704E+00  0.59013847E-01  0.17489450E-01  0.21055950E-01  0.44695430E-01  0.46008535E-01  0.44169318E-01  0.51714607E-01  0.45831554E-01
 0.45131940E-01  0.59678610E-01  0.44444513E-01  0.57152674E-01  0.17738404E-01  0.48721619E-02  0.41334763E-01  0.60887910E-01  0.59982698E-01  0.54831635E-01
 0.66427164E-01  0.29563179E-01  0.68487013E-02  0.69106810E-01  0.87215714E-01  0.32246721E+00  0.82251959E-01  0.23583921E-01  0.23368279E-01  0.55450540E-01
 0.59889205E-01  0.57312433E-01  0.70525505E-01  0.59131518E-01  0.60334831E-01  0.72485588E-01  0.57762187E-01  0.69031566E-01  0.27530858E-01  0.66082058E-02
 0.14801157E+00  0.35960048E-01  0.39598208E-01  0.39597157E-01  0.39250683E-01  0.47461625E-01  0.19747060E-01  0.49066320E-02  0.58991935E-01  0.65898553E-01
 0.19814028E+00  0.56623802E-01  0.16167706E-01  0.15722517E-01  0.37279602E-01  0.43557286E-01  0.43736916E-01  0.51162496E-01  0.52157991E-01  0.43604035E-01
 0.66769436E-01  0.45627192E-01  0.49483862E-01  0.22610534E-01  0.38993745E-02  0.27543309E+00  0.64170969E+00  0.29798591E+00  0.10482511E+00  0.80728360E-01
 0.97767569E-01  0.11688789E+00  0.10772007E+00  0.44179957E-01  0.97221490E-02  0.12713331E+00  0.11673845E+00  0.32389790E+00  0.12936841E+00  0.36390062E-01
 0.36341872E-01  0.84781937E-01  0.16377755E+00  0.10295932E+00  0.11280069E+00  0.15059841E+00  0.90177253E-01  0.16595660E+00  0.10241049E+00  0.14095105E+00
 0.73454142E-01  0.99698938E-02  0.78302301E-01  0.93087316E-01  0.11184183E+00  0.39323218E-01  0.34254994E-01  0.12753367E+00
 0.12800000E+03 -0.27781545E+05  0.11662845E+01 -0.27646726E+05  0.11006770E+01  0.55819090E+05  0.56599092E+05  0.56192379E+05  0.25601035E+03  0.17700000E+03
 0.94365307E-04  0.10532320E+01  0.98274499E+00  0.97221651E+00  0.11676590E-01  0.83488251E-02  0.14724141E-01  0.10000000E+01  0.22613553E-01  0.18475537E-05
