 0.69240131E+00  0.73957536E+00  0.10167382E+01  0.24497865E+00  0.23915350E+00  0.24246170E+00  0.28496680E+00  0.49455692E-01  0.31412985E+00  0.49003777E-01
 0.29880112E+00  0.38261290E-01  0.29251662E+00  0.54483822E-01  0.31619258E+00  0.13059039E-01 -0.30513214E-01  0.33253145E-01  0.37009603E-01  0.71959032E-01
 0.13501630E-01  0.49806674E-01 -0.81854254E-01  0.17748861E+00  0.64894214E-01 -0.39757464E-02  0.98874262E-02 -0.27610942E+00  0.18697724E+00 -0.10576497E+00
 0.14048973E-01  0.16943949E-01 -0.17685051E+00  0.34500263E-01  0.24613492E+00  0.26608360E+00  0.65561146E-01  0.48612896E-01 -0.28834566E-01 -0.31316509E-01
 0.71425431E-01  0.87308651E-01  0.38358800E+00  0.68902056E-01  0.65070803E+00  0.95489055E-03  0.62323047E+00  0.24982298E+00  0.27049199E+00  0.25700572E-01
 0.32038942E+00
 0.37407795E-01  0.36340953E-01  0.44503221E-01  0.10689557E-01  0.10648210E-01  0.13428853E-01  0.15394891E-01  0.89648440E-02  0.13194520E-01  0.83766764E-02
 0.13179966E-01  0.94763752E-02  0.13387722E-01  0.11049050E-01  0.17236283E-01  0.37849050E-01  0.43138475E-01  0.42324161E-01  0.44448810E-01  0.41260318E-01
 0.44870737E-01  0.44569404E-01  0.45078087E-01  0.38012226E-01  0.46723003E-01  0.48269366E-01  0.48852267E-01  0.40731530E-01  0.32081778E-01  0.47208224E-01
 0.48044701E-01  0.45509011E-01  0.89614699E-01  0.58846648E-01  0.50894719E-01  0.54245242E-01  0.41132769E-01  0.51013771E-01  0.51851248E-01  0.48849564E-01
 0.35402618E-01  0.26632226E-01  0.48306156E-01  0.35823976E-01  0.40158840E-01  0.29233829E-01  0.34576137E-01  0.49214387E-01  0.31595308E-01  0.15789227E-01
 0.20858764E-01
 0.51000000E+02 -0.17709222E+05  0.10110659E+01  0.35520445E+05  0.35794710E+05  0.35632693E+05  0.55416091E-04
