 0.77529114E+00  0.68786943E+00  0.11174084E+01  0.69440764E+00  0.65591091E+00  0.54540753E+00  0.53540909E+00  0.50094134E+00 -0.27705910E-01  0.55439526E+00
-0.66665374E-01  0.63524950E+00 -0.47743496E-01  0.57397151E+00 -0.51206186E-01  0.58402503E+00 -0.30602148E-01  0.61289090E+00 -0.14580044E+00  0.19639227E+00
 0.22944511E+00 -0.11731230E+00 -0.14064114E+00  0.92932887E-01 -0.22007156E-01 -0.46924654E-01 -0.79492837E-01  0.87125525E-02 -0.11774506E-02 -0.24575527E+00
 0.10712269E+00 -0.78049272E-01 -0.73413730E-01  0.22269921E-01  0.36342915E-01  0.32698498E-02 -0.49978849E-01  0.16894081E+00  0.10697897E+00  0.24141458E+00
-0.10516955E-01  0.27676299E+00  0.15354978E+00 -0.10849112E+00  0.24944384E-01  0.40273386E-03  0.23702037E-01 -0.26004912E-01  0.34298148E-01  0.12405360E+00
-0.10754615E-01 -0.27711481E-01  0.19194024E-03  0.54171309E-01  0.78372499E-02 -0.13112275E+00  0.32606397E-02  0.11929661E-01 -0.16761063E-01 -0.25499344E-01
 0.38259204E-01 -0.59382897E-01  0.46752375E-01 -0.11956880E+00 -0.15086816E-01 -0.10490944E+00 -0.56040969E-01  0.13008255E+00 -0.59153996E-01  0.50534788E-02
-0.34643459E+00 -0.21794383E+00 -0.63134663E-01 -0.16909423E+00 -0.59130788E-01  0.23903346E+00 -0.24060532E-02  0.78102695E-02 -0.42602934E-01  0.99392615E-01
 0.25906377E-01 -0.12792003E+00 -0.48822876E-01 -0.13871711E-01  0.84366322E-01  0.48497128E+00 -0.97133480E-01 -0.21695112E+00  0.32658238E-01  0.65747865E-01
 0.90631858E-01  0.33358593E-01 -0.19598620E-01  0.12855332E+00 -0.95087755E-02  0.95957212E-01 -0.23249348E+00  0.42086521E+00  0.34397613E-01  0.13845396E-01
 0.88959925E-01  0.17753991E+00 -0.19781548E+00  0.51162124E-01 -0.17387599E-01  0.41540265E-01 -0.15317985E+00  0.19265744E+00  0.26119015E+00  0.26421212E-01
 0.38456079E-01 -0.17015550E+00 -0.45261937E+00  0.16556736E-01  0.27444389E+00  0.51422153E-01  0.66455461E-01 -0.11725494E+00  0.19927604E-01  0.14481996E+00
-0.12964764E+00  0.57315174E-02  0.23017627E+00 -0.84787626E-02  0.10323634E+00 -0.25356419E-01  0.20746832E+00  0.33462729E-01
 0.10737780E+00  0.13548300E+00  0.14554496E+00  0.86314924E-01  0.26144136E-01  0.23578148E-01  0.57896316E-01  0.38140945E-01  0.27658014E-01  0.33683639E-01
 0.16638514E-01  0.24960728E-01  0.17410470E-01  0.28149445E-01  0.30214151E-01  0.39147604E-01  0.28831501E-01  0.58384065E-01  0.11481044E+00  0.14336446E+00
 0.10101132E+00  0.24733995E+00  0.30998835E-01  0.48128322E-01  0.46698477E-01  0.45088544E-01  0.52332319E-01  0.21971822E-01  0.52383915E-02  0.54700084E-01
 0.68889543E-01  0.17538488E+00  0.59064556E-01  0.17471755E-01  0.21051040E-01  0.44919517E-01  0.46048999E-01  0.44290919E-01  0.51790170E-01  0.45764077E-01
 0.45168296E-01  0.59841413E-01  0.44468392E-01  0.57220891E-01  0.17762514E-01  0.46635843E-02  0.41287247E-01  0.60880721E-01  0.60015954E-01  0.54769475E-01
 0.66406660E-01  0.29381663E-01  0.68403031E-02  0.69205523E-01  0.87243654E-01  0.32108378E+00  0.82207799E-01  0.23532566E-01  0.23210431E-01  0.55694569E-01
 0.59840802E-01  0.57458181E-01  0.70489503E-01  0.58994036E-01  0.60286570E-01  0.72536938E-01  0.57612803E-01  0.68968542E-01  0.27459526E-01  0.60574911E-02
 0.14657103E+00  0.35742298E-01  0.39558649E-01  0.39525934E-01  0.39183080E-01  0.47438953E-01  0.19636128E-01  0.48870398E-02  0.58739103E-01  0.65670975E-01
 0.19837904E+00  0.56499034E-01  0.16265890E-01  0.15596840E-01  0.37254233E-01  0.43489076E-01  0.43609593E-01  0.50857332E-01  0.51781218E-01  0.43614350E-01
 0.66495016E-01  0.45416553E-01  0.49365632E-01  0.22550769E-01  0.38191252E-02  0.25884396E+00  0.59049189E+00  0.29682675E+00  0.10122591E+00  0.80636732E-01
 0.96308403E-01  0.11193424E+00  0.10723420E+00  0.43840930E-01  0.96635548E-02  0.12066820E+00  0.11561106E+00  0.32265449E+00  0.12910013E+00  0.35016716E-01
 0.33630479E-01  0.81289947E-01  0.16334994E+00  0.99238336E-01  0.11342524E+00  0.14104906E+00  0.89912951E-01  0.15744118E+00  0.99096283E-01  0.13391013E+00
 0.70488520E-01  0.83499951E-02  0.81292845E-01  0.96147791E-01  0.11361454E+00  0.38736217E-01  0.34164049E-01  0.12698351E+00
 0.12800000E+03 -0.27782785E+05  0.11647294E+01 -0.27648106E+05  0.10990482E+01  0.55821569E+05  0.56601571E+05  0.56194859E+05  0.25615239E+03  0.17700000E+03
 0.92169858E-04  0.10515499E+01  0.98273380E+00  0.97219848E+00  0.11687081E-01  0.83616026E-02  0.14733504E-01  0.10000000E+01  0.22615792E-01  0.21795971E-05
