 0.76827151E+00  0.66705012E+00  0.11144589E+01  0.65724587E+00  0.54793346E+00  0.52956402E+00  0.49750155E+00 -0.67915626E-01  0.63596904E+00 -0.49100455E-01
 0.57426119E+00 -0.49741603E-01  0.58363074E+00 -0.28467346E-01  0.61102605E+00  0.18805937E+00 -0.13600257E+00  0.22831467E+00 -0.94807282E-01 -0.74525364E-02
 0.25582476E-01 -0.17382143E-01  0.43700166E-01  0.12252972E+00 -0.23179971E-01 -0.31402681E-01  0.22020460E-03  0.62897630E-01  0.22489216E-01 -0.11311375E+00
-0.10395489E-01  0.19191867E-01 -0.19316785E-01 -0.28942995E-01  0.14903964E-01 -0.65954454E-01  0.68716601E-01 -0.10057546E+00 -0.54165412E-01 -0.86502306E-01
-0.59101850E-01  0.12342968E+00 -0.58811370E-01  0.54904744E-02 -0.10852490E+00 -0.14064977E+00  0.83909318E-01 -0.34745332E-01 -0.43562245E-01 -0.58825508E-01
 0.13737574E-01 -0.11368432E-02 -0.25651613E+00  0.79043671E-01 -0.91572903E-01 -0.52863739E-01  0.11840869E-01  0.39008930E-01  0.10423063E-01 -0.96933246E-02
 0.17929453E+00  0.70977725E-01  0.20744614E+00  0.52437201E-01  0.24500747E+00  0.15952194E+00 -0.96313223E-01  0.24770342E-01  0.36875274E-04 -0.35869804E+00
-0.66623767E-02 -0.21958226E+00 -0.62783539E-01 -0.16926444E+00 -0.59279528E-01  0.23766753E+00 -0.24688593E-02  0.77912160E-02 -0.45715936E-01  0.10160213E+00
 0.21639556E-01 -0.12904203E+00 -0.48436511E-01 -0.13511515E-01  0.83895393E-01  0.48393878E+00 -0.95248446E-01 -0.21498369E+00  0.35625152E-01  0.65264158E-01
 0.94239764E-01  0.34564801E-01 -0.20535987E-01  0.12889406E+00 -0.95408084E-02 -0.31463593E+00  0.12441457E+00  0.41513640E+00  0.33855267E-01  0.39038051E-01
 0.10367563E-01  0.90955481E-01  0.18848617E+00 -0.19357084E+00  0.49023356E-01 -0.17272171E-01  0.53294599E-01 -0.15748337E+00  0.18994904E+00  0.26581541E+00
 0.25811112E-01  0.36036070E-01 -0.17090540E+00 -0.44357976E+00  0.62404233E-02  0.27153623E+00  0.33187274E-01  0.67483142E-01 -0.13536939E+00  0.12265181E-01
 0.15903980E+00 -0.13479896E+00  0.61658570E-02 -0.13380657E+00  0.62745959E-01  0.10596633E+00  0.63496213E-02  0.19246852E+00 -0.22370327E-01  0.20657721E+00
 0.34602027E-01  0.67822385E+00 -0.17136475E-01  0.54998791E+00
 0.10154088E+00  0.12043878E+00  0.14148079E+00  0.26299477E-01  0.24059836E-01  0.58878902E-01  0.38142014E-01  0.16599244E-01  0.24931876E-01  0.17537944E-01
 0.28157173E-01  0.29728826E-01  0.39057940E-01  0.28195186E-01  0.57536755E-01  0.14205065E+00  0.10902147E+00  0.10166866E+00  0.25492960E+00  0.95784970E-01
 0.41361034E-01  0.59790257E-01  0.59647724E-01  0.54582760E-01  0.66920124E-01  0.28748645E-01  0.65762918E-02  0.69025613E-01  0.86049132E-01  0.32351926E+00
 0.81583254E-01  0.23459107E-01  0.23450168E-01  0.55254787E-01  0.60416974E-01  0.57760265E-01  0.71001627E-01  0.58804203E-01  0.60825914E-01  0.72393626E-01
 0.56854509E-01  0.68892531E-01  0.27562661E-01  0.59647737E-02  0.74991621E-01  0.30436404E-01  0.45950249E-01  0.45407917E-01  0.43114293E-01  0.50227795E-01
 0.20504257E-01  0.47995914E-02  0.52716888E-01  0.66340558E-01  0.18705502E+00  0.55416744E-01  0.16920226E-01  0.20546118E-01  0.42887580E-01  0.44375103E-01
 0.43170288E-01  0.50455216E-01  0.44190973E-01  0.43695237E-01  0.58475669E-01  0.42460419E-01  0.54765422E-01  0.17012455E-01  0.44931918E-02  0.16891605E+00
 0.46786010E-01  0.37664630E-01  0.39935492E-01  0.39956085E-01  0.39429773E-01  0.47096249E-01  0.19809162E-01  0.49056248E-02  0.63336775E-01  0.65127209E-01
 0.19981939E+00  0.56472763E-01  0.16275181E-01  0.16085289E-01  0.37433766E-01  0.43164950E-01  0.47081649E-01  0.49967028E-01  0.51793087E-01  0.43953307E-01
 0.66956237E-01  0.47917251E-01  0.49795479E-01  0.22671521E-01  0.38483359E-02  0.63838100E+00  0.34954986E+00  0.30143502E+00  0.91161191E-01  0.11244664E+00
 0.82412690E-01  0.10400277E+00  0.11927546E+00  0.10832218E+00  0.47133286E-01  0.97264471E-02  0.15030357E+00  0.11677526E+00  0.33126405E+00  0.12986064E+00
 0.37649464E-01  0.37489045E-01  0.84327169E-01  0.16306382E+00  0.11683767E+00  0.11729737E+00  0.14683214E+00  0.10263918E+00  0.16769913E+00  0.11507431E+00
 0.14248648E+00  0.75751610E-01  0.87976363E-02  0.76501429E-01  0.45307472E-01  0.10624170E+00  0.86790703E-01  0.72197892E-01  0.40358014E-01  0.34304604E-01
 0.13068469E+00  0.78622155E-01  0.26646048E-01  0.34065023E-01
 0.13400000E+03 -0.27663412E+05  0.11879338E+01 -0.27528946E+05  0.11138882E+01  0.55594823E+05  0.56411388E+05  0.55985611E+05  0.25393147E+03  0.18100000E+03
 0.28308779E-03  0.10590699E+01  0.98454361E+00  0.97480865E+00  0.11093762E-01  0.76687338E-02  0.14173725E-01  0.10000000E+01  0.21975679E-01  0.17400116E-05
