 0.77418214E+00  0.69308680E+00  0.11289710E+01  0.68192434E+00  0.65490401E+00  0.54443866E+00  0.53037459E+00  0.50063074E+00  0.54654753E+00  0.63241726E+00
 0.57578278E+00  0.57969338E+00  0.60564297E+00 -0.14755228E+00  0.20714839E+00  0.23517840E+00 -0.40403798E-01 -0.14227560E+00  0.91873027E-01 -0.23494709E-01
-0.46404187E-01 -0.81740789E-01  0.90802750E-02 -0.13270570E-02 -0.24559344E+00  0.10826223E+00 -0.69594704E-01 -0.74375562E-01  0.23516404E-01  0.41383673E-01
 0.14525835E-01 -0.50282981E-01  0.16909815E+00  0.11032279E+00  0.24473506E+00 -0.93395114E-02  0.27765661E+00  0.15334207E+00 -0.10862208E+00  0.24188243E-01
-0.28260623E-02  0.26057327E-01 -0.22776145E-01  0.33745170E-01  0.12091013E+00 -0.10651420E-01 -0.29194901E-01  0.63297030E-03  0.53581875E-01  0.74691586E-02
-0.14463031E+00 -0.21982803E-02  0.87121800E-02 -0.20997358E-01 -0.29372867E-01  0.34028810E-01 -0.61297636E-01  0.43267362E-01 -0.12351578E+00 -0.15125608E-01
-0.10175920E+00 -0.53975374E-01  0.12721799E+00 -0.57648759E-01  0.72053829E-02 -0.42642054E+00 -0.23141722E+00 -0.57315812E-01 -0.17074615E+00 -0.65643243E-01
 0.23579153E+00 -0.29278635E-02  0.80324952E-02 -0.63190669E-01  0.10847756E+00  0.31868134E-01 -0.13126215E+00 -0.55053316E-01 -0.43092230E-02  0.96689947E-01
 0.48114696E+00 -0.82905844E-01 -0.20165248E+00  0.54889709E-01  0.65341741E-01  0.11282794E+00  0.44185478E-01 -0.29927609E-01  0.13095596E+00 -0.13307120E-01
 0.20094964E+00 -0.72025001E+00  0.42828211E+00  0.65832809E-01 -0.25576802E-02  0.10798866E+00  0.24376062E+00 -0.20486178E+00  0.36205113E-01 -0.16653620E-01
 0.92617594E-01 -0.16088507E+00  0.16387980E+00  0.26032999E+00  0.50145969E-01  0.15123167E-01 -0.19845405E+00 -0.43506753E+00 -0.31774003E-01  0.27196383E+00
-0.36043119E-01  0.62388532E-01 -0.19840653E+00 -0.20230165E-01  0.21899988E+00 -0.16229193E+00  0.13328359E-01  0.24287395E+00 -0.24345325E-01  0.12481724E+00
-0.12815410E-01  0.19667894E+00
 0.98096922E-01  0.12918021E+00  0.12940495E+00  0.67934334E-01  0.24878588E-01  0.23244714E-01  0.51886056E-01  0.37255932E-01  0.25302278E-01  0.24777424E-01
 0.28012220E-01  0.38331319E-01  0.52363615E-01  0.11524554E+00  0.14307751E+00  0.10245632E+00  0.25142366E+00  0.30968174E-01  0.47942501E-01  0.46706647E-01
 0.44848397E-01  0.52184321E-01  0.21867989E-01  0.52184328E-02  0.54787848E-01  0.68885274E-01  0.17096856E+00  0.58974788E-01  0.17363586E-01  0.21049522E-01
 0.44838898E-01  0.45917150E-01  0.44125736E-01  0.51483426E-01  0.45503139E-01  0.45018539E-01  0.59910908E-01  0.44127233E-01  0.56760099E-01  0.17779687E-01
 0.48642028E-02  0.41042406E-01  0.60165107E-01  0.59538215E-01  0.54624174E-01  0.65588243E-01  0.29201733E-01  0.68206866E-02  0.69045119E-01  0.86514272E-01
 0.31424871E+00  0.81655964E-01  0.22893231E-01  0.23077283E-01  0.55371199E-01  0.59332978E-01  0.56823902E-01  0.69653384E-01  0.58161799E-01  0.59828293E-01
 0.72270557E-01  0.57071541E-01  0.67929544E-01  0.27305432E-01  0.64389394E-02  0.10530960E+00  0.33574350E-01  0.39573010E-01  0.40560037E-01  0.39922085E-01
 0.47590390E-01  0.20149374E-01  0.50181886E-02  0.54598007E-01  0.65943778E-01  0.20005400E+00  0.57093594E-01  0.16389025E-01  0.15519487E-01  0.38295690E-01
 0.43918572E-01  0.41089669E-01  0.51153015E-01  0.46780396E-01  0.44552531E-01  0.61259829E-01  0.43577489E-01  0.48834193E-01  0.22550769E-01  0.41064364E-02
 0.19259560E+00  0.48319858E+00  0.13814123E+00  0.80272980E-01  0.87310486E-01  0.92050262E-01  0.10290481E+00  0.10237345E+00  0.47006477E-01  0.10451673E-01
 0.12510252E+00  0.13021803E+00  0.39878717E+00  0.13723259E+00  0.36428493E-01  0.36384635E-01  0.85881360E-01  0.12051412E+00  0.10167338E+00  0.11223213E+00
 0.12422505E+00  0.97012416E-01  0.14256468E+00  0.97869024E-01  0.12915049E+00  0.57253983E-01  0.98093553E-02  0.62168941E-01  0.70865154E-01  0.80998048E-01
 0.27681978E-01  0.19915860E-01
 0.12200000E+03 -0.27798639E+05  0.11535396E+01 -0.27644954E+05  0.10997274E+01  0.55841277E+05  0.56584717E+05  0.56197069E+05  0.28892052E+03  0.18300000E+03
 0.96281996E-06  0.10638525E+01  0.97690742E+00  0.96403615E+00  0.13296128E-01  0.10304815E-01  0.16143970E-01  0.10000000E+01  0.22954780E-01  0.21814690E-05
