 0.69974029E+00  0.67875266E+00  0.53537488E+00  0.55330771E+00  0.46824944E+00  0.55635846E+00  0.63213211E+00  0.57374966E+00  0.58095664E+00  0.61562639E+00
-0.16261934E+00  0.30979940E+00  0.20736477E+00  0.62292375E-01 -0.14137000E+00  0.95170431E-01 -0.60374252E-02 -0.13907995E-01 -0.86893857E-01  0.12900220E-01
-0.21508653E-02 -0.23108140E+00  0.10149886E+00 -0.11817598E+00 -0.88591196E-01  0.23885973E-01  0.41102551E-01  0.88482341E-02 -0.42582206E-01  0.17455015E+00
 0.10065357E+00  0.23219998E+00 -0.10172115E-01  0.26387334E+00  0.14795086E+00 -0.88755459E-01  0.19405559E-01  0.21819388E-02  0.35288587E-01 -0.38846046E-01
 0.10739418E-01  0.89683935E-01  0.21692214E-02 -0.49847852E-01  0.35995694E-02  0.38833249E-01  0.23746543E-01 -0.64157732E-01  0.52744981E-01  0.11681000E-01
-0.35879295E-01 -0.45428876E-01  0.29810140E-01 -0.99897660E-01  0.82699627E-01 -0.14334330E+00 -0.17149752E-01 -0.11397193E+00 -0.63187048E-01  0.12901583E+00
-0.67191251E-01  0.24538531E-02 -0.46485838E+00 -0.23475218E+00 -0.51448874E-01 -0.16532733E+00 -0.50010294E-01  0.22752637E+00  0.88222943E-04  0.72850999E-02
-0.65390594E-01  0.11006211E+00 -0.53783399E-02 -0.14335090E+00 -0.45712642E-01 -0.73976661E-02  0.86970001E-01  0.48299178E+00 -0.74969277E-01 -0.20623218E+00
 0.56531254E-01  0.63378520E-01  0.11744712E+00  0.48668839E-01 -0.24086330E-01  0.12881812E+00 -0.87901996E-02  0.34388772E+00 -0.79813325E+00  0.59758538E+00
 0.12155510E+00 -0.14589139E-01  0.12070204E+00  0.22715138E+00 -0.22267382E+00  0.17870635E-01 -0.15741102E-01  0.10884065E+00 -0.17388034E+00  0.23281454E+00
 0.34071252E+00  0.38263746E-01  0.72452431E-02 -0.21726425E+00 -0.51730847E+00 -0.63011862E-01  0.34824902E+00 -0.80588326E-01  0.51039111E-01 -0.24762058E+00
-0.48055179E-01  0.23608702E+00 -0.19515738E+00  0.81965989E-02  0.23122747E+00 -0.95462827E-02  0.16100247E+00  0.15745607E-02  0.18397030E+00 -0.85347258E-01
 0.45013655E-01  0.21310534E-01  0.22110658E-01  0.35499416E-01  0.38478158E-01  0.33823449E-01  0.24756495E-01  0.27950238E-01  0.38749173E-01  0.58245048E-01
 0.10733885E+00  0.16633658E+00  0.10153271E+00  0.29554236E+00  0.29378777E-01  0.43482184E-01  0.42992238E-01  0.40859673E-01  0.49258407E-01  0.20492360E-01
 0.50676474E-02  0.50888728E-01  0.66586792E-01  0.16999076E+00  0.57071563E-01  0.16423279E-01  0.20218283E-01  0.41158494E-01  0.43807402E-01  0.41307423E-01
 0.47894690E-01  0.42029727E-01  0.42646497E-01  0.56943055E-01  0.40440120E-01  0.52861139E-01  0.17477484E-01  0.42738668E-02  0.51184069E-01  0.67474522E-01
 0.69528595E-01  0.66492856E-01  0.77845283E-01  0.35235815E-01  0.84312158E-02  0.81662208E-01  0.11054078E+00  0.38888851E+00  0.11192018E+00  0.27487239E-01
 0.27821299E-01  0.65238073E-01  0.74075438E-01  0.67137264E-01  0.86048856E-01  0.68763345E-01  0.73641956E-01  0.86726524E-01  0.68356320E-01  0.79650603E-01
 0.34855843E-01  0.66214353E-02  0.85337408E-01  0.32532956E-01  0.39361492E-01  0.40313482E-01  0.39555032E-01  0.48055962E-01  0.20095743E-01  0.50481106E-02
 0.50435066E-01  0.65482751E-01  0.21007754E+00  0.57255302E-01  0.16459865E-01  0.15384972E-01  0.38245600E-01  0.44144429E-01  0.40092107E-01  0.49501900E-01
 0.44743154E-01  0.44394907E-01  0.58980808E-01  0.42824056E-01  0.48310228E-01  0.21997737E-01  0.40378463E-02  0.34376004E+00  0.56350893E+00  0.39561495E+00
 0.14267904E+00  0.10051358E+00  0.12365147E+00  0.11550761E+00  0.13705246E+00  0.60841776E-01  0.12418489E-01  0.14246549E+00  0.16370155E+00  0.47860259E+00
 0.18200444E+00  0.46207100E-01  0.46078414E-01  0.11186642E+00  0.20424725E+00  0.11935484E+00  0.15306480E+00  0.16503938E+00  0.11291707E+00  0.19083603E+00
 0.12167119E+00  0.15291014E+00  0.93834981E-01  0.10274694E-01  0.33874072E-01  0.49722757E-01  0.85541703E-01  0.31667240E-01  0.32142423E-01  0.17742206E+00
 0.12000000E+03 -0.27818590E+05  0.11395038E+01 -0.27648106E+05  0.10990482E+01  0.55877179E+05  0.56608432E+05  0.56227138E+05  0.31782732E+03  0.18500000E+03
 0.43947007E-08  0.10728067E+01  0.97102521E+00  0.95536316E+00  0.14808754E-01  0.12008394E-01  0.17532771E-01  0.10000000E+01  0.23728170E-01  0.14686002E-05
