 0.74077320E+00  0.67951506E+00  0.10679162E+01  0.69829486E-01  0.56247407E+00  0.69714713E+00  0.69110453E+00  0.65993524E+00  0.54251212E+00  0.53983748E+00
 0.50146806E+00 -0.35764221E-01  0.55696189E+00 -0.66377692E-01  0.63456005E+00 -0.47669187E-01  0.57517439E+00 -0.54191984E-01  0.58483565E+00 -0.36942199E-01
 0.61625934E+00 -0.13230802E+00  0.73315658E-01  0.76002705E+00 -0.17849390E+00  0.47722306E-01  0.86952847E+00 -0.20362882E+00  0.29394144E-01  0.95080292E+00
-0.24658175E+00  0.64608678E-01  0.10804667E+01 -0.30117515E+00  0.11256329E+00  0.12703038E+01 -0.17940786E+00  0.27128190E+00  0.24736682E+00 -0.31084630E+00
 0.11127917E+00  0.13616772E+00 -0.14515887E+00  0.95384851E-01 -0.17668819E-01 -0.47935184E-01 -0.83581030E-01  0.13685676E-01 -0.12578167E-02 -0.24394727E+00
 0.10459053E+00 -0.98030895E-01 -0.81103012E-01  0.25825314E-01  0.39433751E-01  0.19735169E-01 -0.39552730E-01  0.17589507E+00  0.11358688E+00  0.24252613E+00
-0.75104035E-04  0.27548251E+00  0.15400220E+00 -0.10818179E+00  0.21905404E-01 -0.22400224E-02  0.33330489E-01 -0.28330240E-01  0.28219316E-01  0.13068911E+00
-0.39730556E-02 -0.40642112E-01  0.97679824E-03  0.55695679E-01  0.11608649E-01 -0.91839209E-01  0.15749590E-01  0.49589518E-02 -0.20881603E-01 -0.49227715E-01
 0.17694199E-01 -0.76458022E-01  0.39300766E-01 -0.12477946E+00 -0.36561757E-01 -0.10287663E+00 -0.59011165E-01  0.13231999E+00 -0.56202233E-01  0.78769140E-02
-0.33908126E+00 -0.61288662E-01 -0.21676892E+00 -0.62842280E-01 -0.16946799E+00 -0.61345264E-01  0.24778029E+00 -0.26772176E-02  0.80994619E-02 -0.41781113E-01
 0.90181604E-01  0.30405173E-01 -0.12004200E+00 -0.53137578E-01 -0.13883946E-01  0.92983328E-01  0.49058563E+00 -0.95958762E-01 -0.22687188E+00  0.25557501E-01
 0.74436389E-01  0.80600932E-01  0.33165563E-01 -0.21559581E-01  0.12775169E+00 -0.11858109E-01 -0.70963040E-01  0.42911112E-01  0.89762700E+00  0.26737279E+00
-0.92880785E+00  0.79190858E-01  0.12320105E-01  0.27262640E+00  0.38778402E-01 -0.44105268E+00  0.69610067E-01 -0.19387191E-01  0.52904565E-01 -0.19294611E+00
-0.10207766E+00  0.56668991E+00  0.68233535E-01  0.91372699E-01 -0.96251883E-01 -0.82746202E+00  0.14020531E+00  0.66311681E+00  0.28851283E+00 -0.19635877E-01
-0.11310617E+00  0.19003069E-01  0.16806608E+00 -0.16588034E+00  0.32434316E-03  0.13364642E-01 -0.94587700E-02 -0.50703071E-01  0.18348303E-01  0.10914245E+00
-0.43036745E-03  0.39385571E-02 -0.29739659E-01 -0.11462295E+00  0.80304176E-01  0.86172134E-01 -0.28574526E-01  0.13458786E-02  0.38849663E-02  0.10653044E+00
 0.56398092E-02 -0.18564898E+00 -0.11416553E+00  0.18187439E+00 -0.12518427E+00  0.94830943E-02  0.31112606E-01  0.12464332E-01 -0.13277561E-02  0.36354247E-02
-0.74115030E-01  0.11156186E+00 -0.12550366E+00 -0.72658904E-01  0.20631063E-02  0.27881933E-02  0.89298002E-01 -0.67297973E-01 -0.27395564E+00  0.32168061E+00
-0.13567267E-01  0.30719489E-01  0.11357010E+00 -0.11131496E+00  0.35977887E-02  0.22749048E+00  0.11998543E+00 -0.27474273E-01 -0.11297380E+00 -0.51898718E-01
 0.93066275E-01  0.71307607E-02 -0.11194113E-01  0.23550007E+00 -0.12796435E-01  0.10782395E+00 -0.37593149E-01  0.20925365E+00 -0.13216282E+00 -0.10074340E+00
-0.22919176E-01  0.20140839E+00 -0.95267862E-01 -0.15368610E-01  0.96608728E-01  0.26057038E-01  0.25087783E+00
 0.11411532E+00  0.12396399E+00  0.14848232E+00  0.81504151E-01  0.11042606E+00  0.16498838E+00  0.76973632E-01  0.24923876E-01  0.23326023E-01  0.53974185E-01
 0.39425399E-01  0.27705872E-01  0.33567846E-01  0.16539905E-01  0.24950404E-01  0.17508283E-01  0.28195666E-01  0.29418631E-01  0.39032292E-01  0.29445037E-01
 0.58417190E-01  0.25792774E-01  0.22459576E-01  0.64876772E-01  0.25145484E-01  0.20687152E-01  0.73310919E-01  0.30254101E-01  0.26191741E-01  0.76439738E-01
 0.51674917E-01  0.41530963E-01  0.12646438E+00  0.55651758E-01  0.53207431E-01  0.20976420E+00  0.11324828E+00  0.14768611E+00  0.10136140E+00  0.55343026E+00
 0.95184952E-01  0.23762043E+00  0.30905714E-01  0.47165781E-01  0.46755373E-01  0.44673380E-01  0.51832959E-01  0.21586975E-01  0.51354244E-02  0.54237656E-01
 0.69466949E-01  0.19075279E+00  0.58605097E-01  0.17315667E-01  0.20984069E-01  0.44512883E-01  0.46358671E-01  0.43919764E-01  0.51770255E-01  0.45080561E-01
 0.44727359E-01  0.59991483E-01  0.44018298E-01  0.56944106E-01  0.17793836E-01  0.49131764E-02  0.41950677E-01  0.60202122E-01  0.61045852E-01  0.55750113E-01
 0.67217842E-01  0.30490935E-01  0.67767510E-02  0.69753945E-01  0.89763075E-01  0.33355382E+00  0.83807774E-01  0.23424821E-01  0.24009703E-01  0.56851607E-01
 0.62078275E-01  0.58593228E-01  0.72633579E-01  0.60357444E-01  0.60545929E-01  0.74515007E-01  0.58173299E-01  0.71258709E-01  0.28053682E-01  0.68216384E-02
 0.16826658E+00  0.14516364E+00  0.37476152E-01  0.40153243E-01  0.40424466E-01  0.39190311E-01  0.47752604E-01  0.19849848E-01  0.49443096E-02  0.63244477E-01
 0.64119175E-01  0.19576801E+00  0.56254171E-01  0.16445491E-01  0.16469164E-01  0.37401073E-01  0.44448394E-01  0.46869405E-01  0.52214649E-01  0.49861830E-01
 0.48133370E-01  0.63357487E-01  0.47628228E-01  0.49495891E-01  0.22720831E-01  0.39056321E-02  0.45153159E+00  0.11206008E+01  0.85690397E+00  0.44356960E+00
 0.12256577E+01  0.16006319E+00  0.13520420E+00  0.27553549E+00  0.28188312E+00  0.39040616E+00  0.90773366E-01  0.17935771E-01  0.18913250E+00  0.20477855E+00
 0.70458120E+00  0.44185480E+00  0.68295524E-01  0.10254304E+00  0.17685841E+00  0.61139488E+00  0.27420551E+00  0.57223916E+00  0.40735146E+00  0.20406255E+00
 0.22152132E+00  0.15717556E+00  0.20729625E+00  0.11199536E+00  0.18280167E-01  0.28573390E-01  0.38365584E-01  0.34151576E-01  0.34917831E-01  0.44282902E-01
 0.19931473E-01  0.51928302E-02  0.47105961E-01  0.44178393E-01  0.29347566E+00  0.54585423E-01  0.14253533E-01  0.16244449E-01  0.36355250E-01  0.41511811E-01
 0.36546782E-01  0.43097191E-01  0.32732248E-01  0.53479925E-01  0.36283493E-01  0.38061790E-01  0.44111215E-01  0.17244510E-01  0.36200644E-02  0.67261554E-01
 0.91040514E-01  0.76086782E-01  0.74301325E-01  0.94561107E-01  0.51960811E-01  0.12125330E-01  0.96275091E-01  0.12642002E+00  0.40350059E+00  0.19148658E+00
 0.33706378E-01  0.39071970E-01  0.77091679E-01  0.93695149E-01  0.80607183E-01  0.10019916E+00  0.73283739E-01  0.11083185E+00  0.90472311E-01  0.87495662E-01
 0.94981961E-01  0.51263452E-01  0.80449358E-02  0.70803784E-01  0.85427307E-01  0.10898145E+00  0.34481414E-01  0.33892941E-01  0.32189000E+00  0.22425476E-01
 0.28736802E-01  0.43583937E-01  0.54716699E-01  0.68776883E-01  0.42709313E-01  0.54459222E-01  0.15835831E+00
 0.20700000E+03 -0.42664151E+05  0.13818071E+01 -0.42459765E+05  0.12246902E+01  0.85742303E+05  0.87003713E+05  0.86345982E+05  0.36768070E+03  0.28800000E+03
 0.10260569E-02  0.11117624E+01  0.98654340E+00  0.97827320E+00  0.91926555E-02  0.60502187E-02  0.11875889E-01  0.10000000E+01  0.23504015E-01  0.28136143E-06
