 0.74076265E+00  0.67949396E+00  0.10679098E+01  0.69824420E-01  0.56248605E+00  0.69716370E+00  0.69111818E+00  0.65993553E+00  0.54251266E+00  0.53983778E+00
 0.50146627E+00 -0.35765931E-01  0.55696267E+00 -0.66377297E-01  0.63456023E+00 -0.47669493E-01  0.57517314E+00 -0.54191265E-01  0.58483541E+00 -0.36941860E-01
 0.61625844E+00 -0.13230549E+00  0.73314495E-01  0.76002556E+00 -0.17849474E+00  0.47723014E-01  0.86952776E+00 -0.20362771E+00  0.29394193E-01  0.95080000E+00
-0.24657929E+00  0.64607546E-01  0.10804640E+01 -0.30117452E+00  0.11255845E+00  0.12703037E+01 -0.17940725E+00  0.27128646E+00  0.24736436E+00 -0.31086898E+00
 0.11128070E+00  0.13615321E+00 -0.14515871E+00  0.95383093E-01 -0.17667957E-01 -0.47930744E-01 -0.83580114E-01  0.13686660E-01 -0.12579563E-02 -0.24394731E+00
 0.10459650E+00 -0.98043114E-01 -0.81104033E-01  0.25824511E-01  0.39434206E-01  0.19733850E-01 -0.39552491E-01  0.17589565E+00  0.11358606E+00  0.24252552E+00
-0.75807890E-04  0.27548221E+00  0.15399919E+00 -0.10818072E+00  0.21905612E-01 -0.22402080E-02  0.33330061E-01 -0.28325859E-01  0.28217789E-01  0.13068306E+00
-0.39744009E-02 -0.40644653E-01  0.97711221E-03  0.55697825E-01  0.11597716E-01 -0.91827758E-01  0.15749723E-01  0.49604611E-02 -0.20882627E-01 -0.49226929E-01
 0.17693471E-01 -0.76460995E-01  0.39302513E-01 -0.12477987E+00 -0.36562063E-01 -0.10287867E+00 -0.59006106E-01  0.13232088E+00 -0.56203343E-01  0.78774001E-02
-0.33909690E+00 -0.61297737E-01 -0.21677172E+00 -0.62841691E-01 -0.16946846E+00 -0.61344516E-01  0.24777992E+00 -0.26769382E-02  0.80994694E-02 -0.41785534E-01
 0.90183020E-01  0.30402610E-01 -0.12004256E+00 -0.53137530E-01 -0.13883261E-01  0.92983380E-01  0.49058649E+00 -0.95955208E-01 -0.22687113E+00  0.25560195E-01
 0.74438475E-01  0.80604218E-01  0.33166595E-01 -0.21560427E-01  0.12775111E+00 -0.11858212E-01 -0.70968024E-01  0.42961333E-01  0.89760822E+00  0.26734453E+00
-0.92874533E+00  0.79197101E-01  0.12319225E-01  0.27261394E+00  0.38781524E-01 -0.44103792E+00  0.69620579E-01 -0.19389061E-01  0.52891050E-01 -0.19291103E+00
-0.10206597E+00  0.56667680E+00  0.68231039E-01  0.91372550E-01 -0.96252516E-01 -0.82744008E+00  0.14020000E+00  0.66308206E+00  0.28850716E+00 -0.19619077E-01
-0.11309378E+00  0.19008301E-01  0.16804470E+00 -0.16587466E+00  0.32377147E-03  0.13362716E-01 -0.94584841E-02 -0.50703529E-01  0.18348295E-01  0.10914309E+00
-0.43187867E-03  0.39389208E-02 -0.29739836E-01 -0.11462907E+00  0.80296688E-01  0.86172767E-01 -0.28574526E-01  0.13457591E-02  0.38840661E-02  0.10653037E+00
 0.56408546E-02 -0.18564762E+00 -0.11416596E+00  0.18187305E+00 -0.12518482E+00  0.94839614E-02  0.31114595E-01  0.12463788E-01 -0.13275711E-02  0.36448031E-02
-0.74119672E-01  0.11156297E+00 -0.12550157E+00 -0.72660044E-01  0.20713673E-02  0.27862322E-02  0.89294910E-01 -0.67269325E-01 -0.27393690E+00  0.32168335E+00
-0.13567636E-01  0.30720007E-01  0.11357344E+00 -0.11131128E+00  0.35921810E-02  0.22748569E+00  0.11998758E+00 -0.27465181E-01 -0.11296935E+00 -0.51902927E-01
 0.93058005E-01  0.71261716E-02 -0.11194869E-01  0.23548616E+00 -0.12779646E-01  0.10780779E+00 -0.37591744E-01  0.20925216E+00 -0.13214880E+00 -0.10074538E+00
-0.22917232E-01  0.20141010E+00 -0.95262781E-01 -0.15375394E-01  0.96607141E-01  0.26052883E-01  0.25088310E+00
 0.11414858E+00  0.12395694E+00  0.14849178E+00  0.81509568E-01  0.11042570E+00  0.16501482E+00  0.77001728E-01  0.24925172E-01  0.23326054E-01  0.53979676E-01
 0.39428931E-01  0.27717145E-01  0.33569988E-01  0.16540200E-01  0.24950402E-01  0.17508179E-01  0.28195579E-01  0.29420367E-01  0.39032582E-01  0.29447699E-01
 0.58418263E-01  0.25798541E-01  0.22461858E-01  0.64878948E-01  0.25146294E-01  0.20687101E-01  0.73311165E-01  0.30254100E-01  0.26191445E-01  0.76440200E-01
 0.51681146E-01  0.41531701E-01  0.12647027E+00  0.55657081E-01  0.53211495E-01  0.20977120E+00  0.11324820E+00  0.14769039E+00  0.10136200E+00  0.55394369E+00
 0.95184393E-01  0.23761363E+00  0.30905617E-01  0.47165599E-01  0.46755414E-01  0.44673558E-01  0.51832814E-01  0.21586986E-01  0.51354328E-02  0.54237612E-01
 0.69466740E-01  0.19075356E+00  0.58605123E-01  0.17315632E-01  0.20984098E-01  0.44512838E-01  0.46358913E-01  0.43919608E-01  0.51770419E-01  0.45080990E-01
 0.44727195E-01  0.59991166E-01  0.44018060E-01  0.56944106E-01  0.17793816E-01  0.49131834E-02  0.41951042E-01  0.60203027E-01  0.61046872E-01  0.55750806E-01
 0.67219123E-01  0.30491665E-01  0.67768656E-02  0.69754615E-01  0.89764178E-01  0.33356118E+00  0.83809346E-01  0.23425134E-01  0.24010355E-01  0.56852553E-01
 0.62079620E-01  0.58594290E-01  0.72635636E-01  0.60360294E-01  0.60546450E-01  0.74515685E-01  0.58173742E-01  0.71259700E-01  0.28054176E-01  0.68217195E-02
 0.16826254E+00  0.14516568E+00  0.37476148E-01  0.40153332E-01  0.40424578E-01  0.39190374E-01  0.47753062E-01  0.19849949E-01  0.49443380E-02  0.63243657E-01
 0.64119786E-01  0.19576991E+00  0.56254458E-01  0.16445590E-01  0.16469242E-01  0.37401229E-01  0.44448636E-01  0.46869408E-01  0.52215032E-01  0.49861662E-01
 0.48133552E-01  0.63357189E-01  0.47627620E-01  0.49495813E-01  0.22720771E-01  0.39056607E-02  0.45192710E+00  0.11221558E+01  0.85761964E+00  0.44370443E+00
 0.12265466E+01  0.16008677E+00  0.13523112E+00  0.27568269E+00  0.28217798E+00  0.39069232E+00  0.90825841E-01  0.17936891E-01  0.18919457E+00  0.20477827E+00
 0.70479035E+00  0.44214955E+00  0.68318799E-01  0.10263595E+00  0.17694306E+00  0.61190218E+00  0.27451172E+00  0.57264215E+00  0.40780845E+00  0.20408642E+00
 0.22164622E+00  0.15723614E+00  0.20738718E+00  0.11199994E+00  0.18292239E-01  0.28573396E-01  0.38365480E-01  0.34151640E-01  0.34917779E-01  0.44282809E-01
 0.19931333E-01  0.51928223E-02  0.47105856E-01  0.44178240E-01  0.29347771E+00  0.54585412E-01  0.14253496E-01  0.16244376E-01  0.36355238E-01  0.41512016E-01
 0.36546793E-01  0.43097135E-01  0.32732558E-01  0.53479649E-01  0.36283467E-01  0.38061757E-01  0.44111144E-01  0.17244287E-01  0.36200609E-02  0.67260757E-01
 0.91039650E-01  0.76085925E-01  0.74300341E-01  0.94559394E-01  0.51958997E-01  0.12125133E-01  0.96272551E-01  0.12641628E+00  0.40351838E+00  0.19147834E+00
 0.33705655E-01  0.39071202E-01  0.77090062E-01  0.93693972E-01  0.80606006E-01  0.10019825E+00  0.73282324E-01  0.11083019E+00  0.90471163E-01  0.87495200E-01
 0.94980612E-01  0.51260449E-01  0.80447271E-02  0.70831053E-01  0.85468702E-01  0.10905103E+00  0.34481466E-01  0.33893973E-01  0.32209739E+00  0.22429973E-01
 0.28749499E-01  0.43585557E-01  0.54740053E-01  0.68827279E-01  0.42716090E-01  0.54478455E-01  0.15841001E+00
 0.20700000E+03 -0.42664151E+05  0.13818260E+01 -0.42459765E+05  0.12246902E+01  0.85742303E+05  0.87003713E+05  0.86345982E+05  0.36768519E+03  0.28800000E+03
 0.10255077E-02  0.11117488E+01  0.98654264E+00  0.97827198E+00  0.91929147E-02  0.60505686E-02  0.11876112E-01  0.10000000E+01  0.23504008E-01  0.28108134E-06
