 0.77796024E+00  0.68014765E+00  0.11126386E+01  0.69808471E+00  0.65531212E+00  0.54557610E+00  0.53643560E+00  0.50106567E+00 -0.27834274E-01  0.55369502E+00
-0.66337898E-01  0.63550520E+00 -0.48045307E-01  0.57475847E+00 -0.51159073E-01  0.58392626E+00 -0.30611714E-01  0.61206859E+00 -0.11883117E+00  0.18663356E+00
 0.24918115E+00 -0.16394183E+00 -0.14080536E+00  0.90784334E-01 -0.23171235E-01 -0.45539949E-01 -0.78338005E-01  0.79103233E-02 -0.89025166E-03 -0.24582073E+00
 0.10664746E+00 -0.83309248E-01 -0.75398929E-01  0.94117010E-02  0.40880714E-01  0.89953635E-02 -0.51272143E-01  0.17036644E+00  0.10946946E+00  0.24198183E+00
-0.10664321E-01  0.27910647E+00  0.15307343E+00 -0.10845129E+00  0.24347501E-01 -0.11927156E-02  0.23500863E-01 -0.21687882E-01  0.32712888E-01  0.12217192E+00
-0.12788385E-01 -0.27249783E-01 -0.28980960E-04  0.54602753E-01  0.75639971E-02 -0.12551291E+00  0.41550100E-02  0.17888322E-01 -0.20199308E-01 -0.28355012E-01
 0.38205475E-01 -0.60363583E-01  0.45045868E-01 -0.11906020E+00 -0.14931913E-01 -0.10576572E+00 -0.55763487E-01  0.12892081E+00 -0.59216842E-01  0.62996652E-02
-0.35512900E+00 -0.21894038E+00 -0.64861529E-01 -0.17133535E+00 -0.61891064E-01  0.23942478E+00 -0.28653259E-02  0.79356944E-02 -0.44114426E-01  0.10053365E+00
 0.20341363E-01 -0.12683393E+00 -0.57609700E-01 -0.10276951E-01  0.90076707E-01  0.48473758E+00 -0.94102629E-01 -0.21272768E+00  0.34564342E-01  0.65787770E-01
 0.93327276E-01  0.35951443E-01 -0.23412643E-01  0.12951778E+00 -0.11364120E-01  0.10481901E+00 -0.25420362E+00  0.42482433E+00  0.36626834E-01  0.13832633E-01
 0.96276745E-01  0.18569276E+00 -0.19992921E+00  0.49408752E-01 -0.17145734E-01  0.43072972E-01 -0.15098038E+00  0.20109774E+00  0.26194540E+00  0.52797928E-01
 0.31313550E-01 -0.17888933E+00 -0.45216638E+00  0.10423163E-01  0.26920909E+00  0.46798024E-01  0.66002376E-01 -0.12487148E+00  0.14506442E-01  0.15085384E+00
-0.13270856E+00  0.77628172E-02  0.22697704E+00 -0.39793719E-02  0.98394021E-01 -0.23317991E-01  0.20599401E+00  0.32605179E-01
 0.10914863E+00  0.13395447E+00  0.14680395E+00  0.86468905E-01  0.26313491E-01  0.23588460E-01  0.58243874E-01  0.38221277E-01  0.27475810E-01  0.33657845E-01
 0.16640000E-01  0.24995161E-01  0.17408140E-01  0.28155522E-01  0.30182559E-01  0.39127622E-01  0.28846268E-01  0.58278717E-01  0.11521991E+00  0.14428318E+00
 0.10022701E+00  0.24784696E+00  0.31006478E-01  0.48102640E-01  0.46684422E-01  0.45085315E-01  0.52381951E-01  0.21957083E-01  0.52275783E-02  0.54588985E-01
 0.69056652E-01  0.17595197E+00  0.59177306E-01  0.17709546E-01  0.21203892E-01  0.44955213E-01  0.46032127E-01  0.44146799E-01  0.51893070E-01  0.45900051E-01
 0.45181215E-01  0.59809819E-01  0.44471849E-01  0.57289287E-01  0.17736323E-01  0.48923469E-02  0.41360594E-01  0.60905926E-01  0.60191002E-01  0.54894160E-01
 0.66678740E-01  0.29379953E-01  0.68310802E-02  0.69179080E-01  0.87440312E-01  0.32208565E+00  0.82354210E-01  0.24324594E-01  0.23396872E-01  0.55795576E-01
 0.60018297E-01  0.57372916E-01  0.70876226E-01  0.59311461E-01  0.60449366E-01  0.72649658E-01  0.57734162E-01  0.69165431E-01  0.27527099E-01  0.64259251E-02
 0.15039256E+00  0.36096003E-01  0.39692316E-01  0.39534166E-01  0.39261244E-01  0.47416653E-01  0.19654455E-01  0.48792083E-02  0.59421744E-01  0.65890782E-01
 0.19919281E+00  0.56628615E-01  0.16274329E-01  0.15870981E-01  0.37294783E-01  0.43590687E-01  0.44095904E-01  0.51274866E-01  0.52291684E-01  0.43670911E-01
 0.67355126E-01  0.45803159E-01  0.49656555E-01  0.22540661E-01  0.39099879E-02  0.27616748E+00  0.63739258E+00  0.29961669E+00  0.10401651E+00  0.80672987E-01
 0.98003834E-01  0.11658756E+00  0.10768132E+00  0.44386122E-01  0.97331135E-02  0.12664828E+00  0.11695252E+00  0.32678905E+00  0.13003975E+00  0.38395405E-01
 0.36260687E-01  0.83607227E-01  0.16427492E+00  0.10320915E+00  0.11361111E+00  0.14918393E+00  0.90303399E-01  0.16658014E+00  0.10289483E+00  0.13997227E+00
 0.73468044E-01  0.93326196E-02  0.81188321E-01  0.96674979E-01  0.11560631E+00  0.40040094E-01  0.34337826E-01  0.12821890E+00
 0.12800000E+03 -0.27782490E+05  0.11652665E+01 -0.27646143E+05  0.10995781E+01  0.55820979E+05  0.56600982E+05  0.56194269E+05  0.25919590E+03  0.17700000E+03
 0.55329243E-04  0.10520747E+01  0.98207407E+00  0.97113622E+00  0.11909653E-01  0.86310572E-02  0.14932618E-01  0.10000000E+01  0.22647903E-01  0.18909650E-05
