 0.77769947E+00  0.70818913E+00  0.11428670E+01  0.66344154E+00  0.65552533E+00  0.54457384E+00  0.52438158E+00  0.49993750E+00  0.51083493E+00  0.63400221E+00
 0.57370025E+00  0.56867623E+00  0.57072312E+00 -0.15722795E+00  0.21272004E+00  0.23530632E+00 -0.53089107E-02 -0.14123672E+00  0.94243951E-01 -0.19624073E-01
-0.46644416E-01 -0.81225917E-01  0.82559679E-02 -0.92190847E-03 -0.24521802E+00  0.10735179E+00 -0.65974072E-01 -0.75311340E-01  0.27636018E-01  0.38378179E-01
 0.11675599E-01 -0.50594904E-01  0.16796587E+00  0.10882206E+00  0.24440549E+00 -0.92772515E-02  0.27615327E+00  0.15274450E+00 -0.10989238E+00  0.25976716E-01
-0.19567129E-02  0.24329700E-01 -0.25694672E-01  0.31429511E-01  0.12102155E+00 -0.10436397E-01 -0.27279589E-01  0.20651385E-03  0.53562071E-01  0.85785836E-02
-0.14521357E+00  0.10801946E-03  0.15012588E-02 -0.17653869E-01 -0.29747536E-01  0.37062231E-01 -0.59062287E-01  0.46862628E-01 -0.12224270E+00 -0.15517935E-01
-0.99335901E-01 -0.53228684E-01  0.12966856E+00 -0.63169338E-01  0.71254154E-02 -0.38533485E+00 -0.22298056E+00 -0.59207007E-01 -0.16753802E+00 -0.66788174E-01
 0.23524912E+00 -0.29818837E-02  0.78373933E-02 -0.53878400E-01  0.10455330E+00  0.28113011E-01 -0.12833914E+00 -0.49576286E-01 -0.12691539E-01  0.94860435E-01
 0.48255786E+00 -0.88984124E-01 -0.20916903E+00  0.41899867E-01  0.65416567E-01  0.10098764E+00  0.39857361E-01 -0.31242937E-01  0.12910640E+00 -0.12048797E-01
-0.31869251E-01 -0.54392785E+00  0.44471122E-01 -0.41377679E-01 -0.18758945E-01  0.33773739E-01  0.19540825E+00 -0.10891972E+00  0.41986533E-01 -0.13663321E-01
 0.41844741E-01 -0.11515276E+00  0.18330199E+00  0.21423036E+00  0.22510862E-01  0.27066590E-01 -0.15825346E+00 -0.25739387E+00 -0.39306615E-01  0.20501468E+00
 0.26476471E-01  0.88086560E-01 -0.11451241E+00  0.17549967E-01  0.18720745E+00 -0.10372692E+00  0.64151133E-02  0.26101407E+00 -0.45989212E-01  0.14884008E+00
-0.24376929E-01  0.23595098E+00
 0.97502522E-01  0.13924338E+00  0.13041280E+00  0.72984725E-01  0.24956010E-01  0.23308372E-01  0.52417781E-01  0.37519969E-01  0.24029862E-01  0.24751114E-01
 0.27905237E-01  0.37987761E-01  0.50691355E-01  0.11548153E+00  0.14117868E+00  0.10128397E+00  0.18812947E+00  0.31013750E-01  0.48292786E-01  0.46854429E-01
 0.45090586E-01  0.52308198E-01  0.21806797E-01  0.52036508E-02  0.54966673E-01  0.69104195E-01  0.17297634E+00  0.58927916E-01  0.17305311E-01  0.20931317E-01
 0.45108587E-01  0.45976229E-01  0.44176530E-01  0.51562756E-01  0.45551971E-01  0.45101505E-01  0.60063630E-01  0.44255394E-01  0.57009995E-01  0.17740294E-01
 0.48028789E-02  0.40753666E-01  0.60126036E-01  0.59255287E-01  0.54281011E-01  0.65050617E-01  0.28655784E-01  0.67004832E-02  0.68768494E-01  0.85887797E-01
 0.31078479E+00  0.81026033E-01  0.22429787E-01  0.22803156E-01  0.55345159E-01  0.58751907E-01  0.56305390E-01  0.69144800E-01  0.57595585E-01  0.59504885E-01
 0.71886882E-01  0.56686714E-01  0.67733817E-01  0.27620148E-01  0.63087954E-02  0.94965026E-01  0.32591671E-01  0.38747903E-01  0.40015623E-01  0.39310660E-01
 0.47021154E-01  0.19892002E-01  0.49397633E-02  0.52407678E-01  0.64643838E-01  0.20263569E+00  0.56430142E-01  0.16458966E-01  0.15244766E-01  0.37712529E-01
 0.43408506E-01  0.39693035E-01  0.50195985E-01  0.45228768E-01  0.43969601E-01  0.59333935E-01  0.42490445E-01  0.47987208E-01  0.22436723E-01  0.39506252E-02
 0.11609463E+00  0.19566078E+00  0.10667314E+00  0.63233495E-01  0.68784110E-01  0.73765948E-01  0.72135344E-01  0.82818016E-01  0.37605297E-01  0.86006103E-02
 0.86986713E-01  0.10259906E+00  0.30905637E+00  0.11637014E+00  0.30108545E-01  0.27855996E-01  0.70049889E-01  0.93411960E-01  0.71529672E-01  0.91289528E-01
 0.78840107E-01  0.80582440E-01  0.98022491E-01  0.73884599E-01  0.89810580E-01  0.43351542E-01  0.73876227E-02  0.68413049E-01  0.75444460E-01  0.80107540E-01
 0.23818417E-01  0.22180233E-01
 0.12200000E+03 -0.27804051E+05  0.11430150E+01 -0.27649324E+05  0.11004787E+01  0.55852102E+05  0.56595542E+05  0.56207894E+05  0.28863713E+03  0.18300000E+03
 0.10166436E-05  0.10721212E+01  0.97691072E+00  0.96404128E+00  0.13278329E-01  0.10284564E-01  0.16127617E-01  0.10000000E+01  0.22942730E-01  0.34304490E-05
