 0.76931423E+00  0.65241665E+00  0.10360050E+01  0.65189040E+00  0.54925442E+00  0.57486922E+00  0.49155301E+00 -0.65174475E-01  0.64682722E+00 -0.46656542E-01
 0.58279020E+00 -0.61958518E-01  0.61196762E+00 -0.41684069E-01  0.64292884E+00  0.23707998E+00 -0.17647177E+00  0.22631109E+00 -0.71607709E-01 -0.11710332E+00
 0.32586642E-02 -0.35549633E-01  0.32727394E-01  0.10891188E+00 -0.35536539E-01 -0.38446553E-01 -0.24609636E-02  0.40089421E-01 -0.35180920E+00  0.31152060E-01
 0.16593361E-01 -0.69342460E-03 -0.39983984E-01  0.79562105E-01 -0.66511765E-01  0.30284343E-01 -0.10749288E+00  0.12724359E-01 -0.13331737E+00 -0.68303399E-01
 0.16535632E+00 -0.66980772E-01  0.10466852E-01  0.31420730E-01 -0.13092303E+00  0.11288840E+00 -0.28276894E-01 -0.36722247E-01 -0.48583150E-01  0.13004331E-01
 0.18578360E-02 -0.23332846E+00  0.97571630E-02 -0.90790391E-01  0.23478918E-01  0.30097162E-01  0.99177128E-02 -0.68218052E-01  0.17602684E+00  0.10788044E+00
 0.23451638E+00 -0.18677576E-01  0.34515402E+00  0.17524476E+00 -0.13428119E+00  0.30748472E-01 -0.55074338E-02 -0.38674253E+00 -0.38065463E-01 -0.23068199E+00
-0.60783610E-01 -0.17762256E+00 -0.55748276E-01  0.24027213E+00  0.14437601E-01  0.49127336E-02 -0.38208213E-01  0.15031463E+00 -0.14542240E+00 -0.61300706E-01
-0.45874920E-02  0.10231094E+00  0.45885324E+00 -0.96049264E-01 -0.18643513E+00  0.18113198E-01  0.44469025E-01  0.79499438E-01  0.48049066E-01 -0.26425274E-01
 0.12451743E+00 -0.13537160E-01 -0.32866719E+00  0.20046976E+00  0.52762324E+00  0.84903851E-01  0.73601432E-01 -0.10587822E-01  0.10352859E+00  0.19075298E+00
-0.21057299E+00  0.22807561E-01 -0.16953673E-01  0.40877931E-01 -0.75581416E-01  0.34216458E+00  0.54509435E-01  0.30929908E-01 -0.19314007E+00 -0.49812719E+00
 0.12366780E-01  0.26926383E+00  0.58013499E-01  0.98039284E-01 -0.14559892E+00  0.12969366E-01  0.13603754E+00 -0.14496721E+00  0.11639453E-01 -0.76768614E-01
 0.72842188E-01  0.55437602E-01  0.23054780E-01  0.20492820E+00 -0.22618026E-01  0.19740163E+00 -0.34272656E-01  0.72990555E+00 -0.27716370E-01  0.56258166E+00
 0.93215644E-01  0.10961103E+00  0.18390936E+00  0.25175644E-01  0.24539862E-01  0.62083755E-01  0.38031612E-01  0.17485000E-01  0.27169619E-01  0.18641464E-01
 0.30440912E-01  0.33853602E-01  0.41679159E-01  0.31119736E-01  0.64575769E-01  0.15979058E+00  0.12209339E+00  0.10964081E+00  0.54152107E+00  0.12907518E+00
 0.45509256E-01  0.69751255E-01  0.64628884E-01  0.59969425E-01  0.73924318E-01  0.33736911E-01  0.76265489E-02  0.72189346E-01  0.31287003E+00  0.91793336E-01
 0.24642166E-01  0.25324026E-01  0.61549608E-01  0.67960598E-01  0.62752120E-01  0.76428257E-01  0.65851130E-01  0.64326800E-01  0.80961198E-01  0.63917771E-01
 0.76756008E-01  0.30725460E-01  0.65406295E-02  0.97500131E-01  0.33135913E-01  0.53169452E-01  0.49099494E-01  0.47129180E-01  0.56908976E-01  0.24050921E-01
 0.56292601E-02  0.54954182E-01  0.19970468E+00  0.62696494E-01  0.18355640E-01  0.22206970E-01  0.48205469E-01  0.49763329E-01  0.47375266E-01  0.55900104E-01
 0.49124055E-01  0.47486965E-01  0.63457780E-01  0.48061557E-01  0.60584344E-01  0.18358309E-01  0.50781602E-02  0.17376108E+00  0.43811914E-01  0.39443187E-01
 0.44996113E-01  0.42750582E-01  0.42010546E-01  0.50169561E-01  0.21716304E-01  0.54404023E-02  0.62521636E-01  0.26374599E+00  0.61161287E-01  0.17573444E-01
 0.16684704E-01  0.40549424E-01  0.47650021E-01  0.49535505E-01  0.55775251E-01  0.57532873E-01  0.46667676E-01  0.82895920E-01  0.52305523E-01  0.56258872E-01
 0.23707116E-01  0.44173007E-02  0.16788081E+01  0.51415294E+00  0.35271877E+00  0.22652704E+00  0.12462416E+00  0.14347410E+00  0.12457528E+00  0.21372975E+00
 0.12551180E+00  0.84433369E-01  0.11565221E-01  0.20864370E+00  0.72447485E+00  0.16615273E+00  0.44517040E-01  0.36910120E-01  0.11433011E+00  0.26177806E+00
 0.21702814E+00  0.12376845E+00  0.30489740E+00  0.10500716E+00  0.40913728E+00  0.21540786E+00  0.35910067E+00  0.13875695E+00  0.21580387E-01  0.10370800E+00
 0.49822062E-01  0.12377039E+00  0.94995543E-01  0.75582325E-01  0.47831029E-01  0.37553947E-01  0.15565377E+00  0.83300680E-01  0.30567179E-01  0.35779405E-01
 0.13000000E+03 -0.24598331E+05  0.11854956E+01 -0.24469294E+05  0.11105467E+01  0.49456662E+05  0.50232814E+05  0.49819756E+05  0.24465066E+03  0.17500000E+03
 0.39842853E-03  0.10548704E+01  0.98221902E+00  0.97104240E+00  0.11727200E-01  0.79967201E-02  0.15065879E-01  0.10000000E+01  0.23455472E-01  0.25765326E-06
