 0.78108770E+00  0.70693654E+00  0.11510367E+01  0.66284466E+00  0.65485710E+00  0.54472971E+00  0.52077085E+00  0.49936593E+00  0.47257870E+00  0.63474429E+00
 0.56593126E+00  0.55645853E+00  0.52846444E+00 -0.15635628E+00  0.21074112E+00  0.23646221E+00  0.43777615E-01 -0.14115950E+00  0.93909808E-01 -0.19720651E-01
-0.46652049E-01 -0.81590764E-01  0.80502396E-02 -0.90442196E-03 -0.24550042E+00  0.10756263E+00 -0.66315368E-01 -0.75102240E-01  0.27675761E-01  0.38246244E-01
 0.11427660E-01 -0.50851796E-01  0.16758019E+00  0.10906076E+00  0.24425460E+00 -0.88869771E-02  0.27607942E+00  0.15259629E+00 -0.10957871E+00  0.26025701E-01
-0.19867828E-02  0.24087738E-01 -0.25184674E-01  0.31367164E-01  0.12066823E+00 -0.94564315E-02 -0.26716506E-01  0.13005341E-03  0.54230958E-01  0.83451085E-02
-0.14570130E+00  0.42725747E-04  0.14259963E-02 -0.17296046E-01 -0.29363407E-01  0.37865169E-01 -0.57858083E-01  0.46153907E-01 -0.12161514E+00 -0.16669510E-01
-0.98971717E-01 -0.52937396E-01  0.12884057E+00 -0.63169502E-01  0.71521970E-02 -0.38018286E+00 -0.22148085E+00 -0.59131734E-01 -0.16623935E+00 -0.67358807E-01
 0.23346208E+00 -0.36417525E-02  0.80064498E-02 -0.53605478E-01  0.10443691E+00  0.34655116E-01 -0.13045745E+00 -0.49390532E-01 -0.13542470E-01  0.96517131E-01
 0.48225817E+00 -0.89955389E-01 -0.20951077E+00  0.39825961E-01  0.67005068E-01  0.99625885E-01  0.38724624E-01 -0.31900115E-01  0.12960540E+00 -0.12079033E-01
-0.16731729E+00 -0.47882068E+00 -0.24732831E+00 -0.11247727E+00 -0.34448579E-01 -0.21897236E-01  0.16596662E+00 -0.35523832E-01  0.45431420E-01 -0.11972897E-01
 0.18328525E-01 -0.84682412E-01  0.17410742E+00  0.18582608E+00  0.80205789E-02  0.26795728E-01 -0.13259555E+00 -0.11632771E+00 -0.54701269E-01  0.14420547E+00
 0.53659596E-01  0.10284282E+00 -0.71893357E-01  0.37912104E-01  0.16972375E+00 -0.63147925E-01  0.25670466E-02  0.26149571E+00 -0.47112346E-01  0.15130551E+00
-0.27130317E-01  0.27101105E+00
 0.99266626E-01  0.14600824E+00  0.13318312E+00  0.79713628E-01  0.25298934E-01  0.23465371E-01  0.53433456E-01  0.37729237E-01  0.24839604E-01  0.24724424E-01
 0.27633313E-01  0.37997890E-01  0.50485980E-01  0.11566816E+00  0.14113423E+00  0.10129942E+00  0.16505626E+00  0.30999057E-01  0.48507612E-01  0.46831172E-01
 0.45185823E-01  0.52306153E-01  0.21832015E-01  0.52011050E-02  0.54966729E-01  0.69187425E-01  0.17348014E+00  0.58921233E-01  0.17304912E-01  0.20927465E-01
 0.45193266E-01  0.45949094E-01  0.44162203E-01  0.51624697E-01  0.45596004E-01  0.45131437E-01  0.60014881E-01  0.44366777E-01  0.57110302E-01  0.17741673E-01
 0.48178835E-02  0.40619154E-01  0.60402606E-01  0.59085313E-01  0.54170091E-01  0.64917788E-01  0.28614048E-01  0.66790101E-02  0.68676092E-01  0.85699543E-01
 0.31077158E+00  0.80833890E-01  0.22386821E-01  0.22722850E-01  0.55347841E-01  0.58564089E-01  0.56111049E-01  0.69089860E-01  0.57512537E-01  0.59476543E-01
 0.71641982E-01  0.56702707E-01  0.67724183E-01  0.27654706E-01  0.63526016E-02  0.10299870E+00  0.32975756E-01  0.38740955E-01  0.39918676E-01  0.39284062E-01
 0.47150660E-01  0.19890614E-01  0.49375519E-02  0.53375021E-01  0.64807534E-01  0.20477496E+00  0.56403831E-01  0.16487772E-01  0.15295315E-01  0.37637595E-01
 0.43404628E-01  0.40095426E-01  0.50475419E-01  0.46007361E-01  0.43916568E-01  0.60452916E-01  0.42774808E-01  0.48106931E-01  0.22544542E-01  0.39546196E-02
 0.86125843E-01  0.11695708E+00  0.84986523E-01  0.54755177E-01  0.61315347E-01  0.64986549E-01  0.62798485E-01  0.73160954E-01  0.34015719E-01  0.77901417E-02
 0.73226601E-01  0.89796558E-01  0.26700884E+00  0.10633118E+00  0.26830418E-01  0.24917034E-01  0.62707625E-01  0.80553591E-01  0.62071964E-01  0.81058256E-01
 0.66233553E-01  0.72431356E-01  0.83531372E-01  0.65364599E-01  0.77773511E-01  0.37730385E-01  0.65978342E-02  0.75404860E-01  0.83287798E-01  0.87591425E-01
 0.25681686E-01  0.23939397E-01
 0.12200000E+03 -0.27814664E+05  0.11288522E+01 -0.27649324E+05  0.11004787E+01  0.55873327E+05  0.56616767E+05  0.56229119E+05  0.30574156E+03  0.18300000E+03
 0.33082494E-07  0.10815631E+01  0.97317217E+00  0.95821896E+00  0.14313008E-01  0.11446028E-01  0.17084711E-01  0.10000000E+01  0.24251796E-01  0.41013294E-05
