 0.76943469E+00  0.66625917E+00  0.11158657E+01  0.65699619E+00  0.54804504E+00  0.52946454E+00  0.49783948E+00 -0.67694202E-01  0.63626260E+00 -0.49193136E-01
 0.57487309E+00 -0.49460221E-01  0.58314532E+00 -0.28631033E-01  0.61056870E+00  0.19857247E+00 -0.15337691E+00  0.26426020E+00 -0.14851855E+00 -0.72021615E-02
 0.27033634E-01 -0.15906820E-01  0.42047974E-01  0.12066478E+00 -0.23789836E-01 -0.31164760E-01  0.28093078E-03  0.62917657E-01  0.22103785E-01 -0.11244919E+00
-0.11237810E-01  0.14361809E-01 -0.22248726E-01 -0.33585504E-01  0.14908304E-01 -0.65117657E-01  0.67460872E-01 -0.10043300E+00 -0.54947484E-01 -0.85773692E-01
-0.58283426E-01  0.12087238E+00 -0.58810055E-01  0.71648560E-02 -0.10890438E+00 -0.14192098E+00  0.83444066E-01 -0.30981919E-01 -0.42297699E-01 -0.59445009E-01
 0.13621330E-01 -0.11439613E-02 -0.25640479E+00  0.79662614E-01 -0.91013923E-01 -0.53671665E-01  0.19442620E-01  0.40853020E-01  0.15480447E-01 -0.92563992E-02
 0.17798677E+00  0.71786419E-01  0.20869529E+00  0.53272106E-01  0.24485211E+00  0.15947379E+00 -0.93486235E-01  0.24434665E-01 -0.16816327E-02 -0.35900417E+00
-0.62094065E-02 -0.21997890E+00 -0.63476890E-01 -0.17382079E+00 -0.62105563E-01  0.23884065E+00 -0.26478595E-02  0.76353704E-02 -0.45681607E-01  0.10122486E+00
 0.19633615E-01 -0.12625855E+00 -0.63607931E-01 -0.81293304E-02  0.94340697E-01  0.48163199E+00 -0.93430266E-01 -0.20990987E+00  0.34969840E-01  0.65622568E-01
 0.93631051E-01  0.32688167E-01 -0.24539582E-01  0.13036035E+00 -0.12057895E-01 -0.32720590E+00  0.12974942E+00  0.42385697E+00  0.33638779E-01  0.41869219E-01
 0.11386658E-01  0.97016104E-01  0.19505863E+00 -0.19772752E+00  0.44934802E-01 -0.15899142E-01  0.54243919E-01 -0.15382858E+00  0.19713445E+00  0.26414302E+00
 0.54764468E-01  0.26997384E-01 -0.18633607E+00 -0.44509056E+00  0.18365041E-02  0.26631996E+00  0.31839263E-01  0.65045908E-01 -0.13872603E+00  0.11120652E-01
 0.16233265E+00 -0.13836500E+00  0.94303815E-02 -0.13335842E+00  0.62322434E-01  0.10479966E+00  0.73265848E-02  0.19146745E+00 -0.21405110E-01  0.20429169E+00
 0.33090577E-01  0.67899281E+00 -0.16956234E-01  0.54950202E+00
 0.10229978E+00  0.12001009E+00  0.14163913E+00  0.26396735E-01  0.24072202E-01  0.58973700E-01  0.38152579E-01  0.16590748E-01  0.24941361E-01  0.17539704E-01
 0.28173834E-01  0.29697193E-01  0.39029051E-01  0.28194223E-01  0.57443183E-01  0.14323181E+00  0.10986399E+00  0.10177910E+00  0.26738861E+00  0.95484130E-01
 0.41327182E-01  0.59720580E-01  0.59810553E-01  0.54635603E-01  0.67052759E-01  0.28606724E-01  0.65534646E-02  0.68904825E-01  0.85867725E-01  0.32323563E+00
 0.81523262E-01  0.24361480E-01  0.23429187E-01  0.55485323E-01  0.60340486E-01  0.57618923E-01  0.71184121E-01  0.58803685E-01  0.60798425E-01  0.72245285E-01
 0.56806050E-01  0.68832003E-01  0.27559172E-01  0.61384980E-02  0.74759580E-01  0.30384632E-01  0.45927230E-01  0.45544744E-01  0.43141998E-01  0.50324131E-01
 0.20452458E-01  0.47870162E-02  0.52696854E-01  0.66394456E-01  0.18552300E+00  0.55311989E-01  0.17309967E-01  0.20518156E-01  0.42957045E-01  0.44356108E-01
 0.43091830E-01  0.50527956E-01  0.44177469E-01  0.43665554E-01  0.58383081E-01  0.42415187E-01  0.54790430E-01  0.16987113E-01  0.46334919E-02  0.17028344E+00
 0.46965007E-01  0.37887678E-01  0.39925825E-01  0.39829694E-01  0.39368693E-01  0.47031023E-01  0.19750174E-01  0.48488416E-02  0.63540697E-01  0.65310262E-01
 0.19818161E+00  0.56271993E-01  0.16569503E-01  0.16235642E-01  0.37341870E-01  0.43120094E-01  0.47016751E-01  0.49929854E-01  0.51965132E-01  0.43876339E-01
 0.67018159E-01  0.48012942E-01  0.49766589E-01  0.22604713E-01  0.38687054E-02  0.65913367E+00  0.36183131E+00  0.30673537E+00  0.91930524E-01  0.11598596E+00
 0.82646891E-01  0.10578432E+00  0.12113011E+00  0.10961793E+00  0.47614846E-01  0.97698318E-02  0.15422158E+00  0.11787956E+00  0.33449477E+00  0.13024350E+00
 0.39056003E-01  0.39895095E-01  0.88004142E-01  0.16466747E+00  0.11860288E+00  0.11757328E+00  0.15077993E+00  0.10443240E+00  0.17143591E+00  0.11712313E+00
 0.14411759E+00  0.77867679E-01  0.10060669E-01  0.76289572E-01  0.45329161E-01  0.10615470E+00  0.86516850E-01  0.71969330E-01  0.40663365E-01  0.34344964E-01
 0.13249087E+00  0.78552097E-01  0.26582511E-01  0.34025181E-01
 0.13400000E+03 -0.27657251E+05  0.11882239E+01 -0.27523408E+05  0.11142204E+01  0.55582501E+05  0.56399066E+05  0.55973289E+05  0.25266760E+03  0.18100000E+03
 0.34430043E-03  0.10594333E+01  0.98483851E+00  0.97528929E+00  0.10997217E-01  0.75469004E-02  0.14088678E-01  0.10000000E+01  0.21923663E-01  0.16303668E-05
