 0.76703161E+00  0.66241741E+00  0.11184951E+01  0.65761596E+00  0.54834878E+00  0.52806962E+00  0.49726483E+00 -0.68404369E-01  0.63683015E+00 -0.49356733E-01
 0.57512003E+00 -0.48724912E-01  0.58285815E+00 -0.28223548E-01  0.60969037E+00  0.19230588E+00 -0.13359250E+00  0.23856479E+00 -0.11656487E+00 -0.80084596E-02
 0.27515396E-01 -0.15133688E-01  0.40980004E-01  0.12101017E+00 -0.22505568E-01 -0.30463072E-01  0.13379521E-03  0.63543290E-01  0.21652419E-01 -0.10636003E+00
-0.10821509E-01  0.16275983E-01 -0.23948364E-01 -0.38142443E-01  0.15480766E-01 -0.65065324E-01  0.66095307E-01 -0.10178995E+00 -0.55160891E-01 -0.86496077E-01
-0.57507880E-01  0.12082303E+00 -0.58991686E-01  0.85706171E-02 -0.10870984E+00 -0.14162342E+00  0.83225213E-01 -0.35886090E-01 -0.42280000E-01 -0.58992174E-01
 0.13563079E-01 -0.12793042E-02 -0.25687298E+00  0.79387292E-01 -0.94933696E-01 -0.53374261E-01  0.11377326E-01  0.42142831E-01  0.15809417E-01 -0.10405043E-01
 0.17885950E+00  0.72925039E-01  0.20831057E+00  0.53161237E-01  0.24566843E+00  0.15895914E+00 -0.94844714E-01  0.24642173E-01 -0.16363815E-02 -0.36598769E+00
-0.61336020E-02 -0.22253467E+00 -0.63484579E-01 -0.16950688E+00 -0.62122021E-01  0.23641682E+00 -0.26958541E-02  0.78597367E-02 -0.47092207E-01  0.10392084E+00
 0.18120259E-01 -0.12651418E+00 -0.51377639E-01 -0.97629419E-02  0.93430191E-01  0.48320550E+00 -0.94152518E-01 -0.21163741E+00  0.38130138E-01  0.65671362E-01
 0.95207162E-01  0.34560267E-01 -0.23056772E-01  0.12930140E+00 -0.12306155E-01 -0.34363249E+00  0.13434251E+00  0.41039732E+00  0.33908565E-01  0.41901063E-01
 0.10447799E-01  0.87762974E-01  0.19630943E+00 -0.19252305E+00  0.46482708E-01 -0.16832419E-01  0.56612771E-01 -0.15512167E+00  0.19688162E+00  0.26399466E+00
 0.42524874E-01  0.28316401E-01 -0.18328832E+00 -0.43931273E+00 -0.44400844E-03  0.26658741E+00  0.27031230E-01  0.64809315E-01 -0.14080821E+00  0.89106103E-02
 0.16170554E+00 -0.13679211E+00  0.94750859E-02 -0.13367328E+00  0.62341210E-01  0.10428861E+00  0.78804521E-02  0.19125493E+00 -0.20410432E-01  0.20607080E+00
 0.36716767E-01  0.67939389E+00 -0.16298691E-01  0.54829985E+00
 0.10149273E+00  0.11946400E+00  0.14136842E+00  0.26137285E-01  0.24029899E-01  0.58751106E-01  0.38166009E-01  0.16599767E-01  0.24986120E-01  0.17546454E-01
 0.28178038E-01  0.29678807E-01  0.38978890E-01  0.28167496E-01  0.57411939E-01  0.14277074E+00  0.10939471E+00  0.10161898E+00  0.25830129E+00  0.93834922E-01
 0.41362841E-01  0.59806269E-01  0.59424277E-01  0.54672293E-01  0.66695951E-01  0.28858621E-01  0.65946137E-02  0.68868443E-01  0.85859999E-01  0.32465035E+00
 0.81726819E-01  0.23082729E-01  0.23667565E-01  0.55270955E-01  0.60429852E-01  0.57654940E-01  0.70995837E-01  0.58770951E-01  0.60801316E-01  0.72368525E-01
 0.56853130E-01  0.68648361E-01  0.27637212E-01  0.63514318E-02  0.73394969E-01  0.30378850E-01  0.45927852E-01  0.45320336E-01  0.43177191E-01  0.50114147E-01
 0.20525342E-01  0.48061209E-02  0.52593276E-01  0.66366479E-01  0.18655068E+00  0.55364691E-01  0.16615722E-01  0.20588439E-01  0.42965125E-01  0.44317506E-01
 0.43061405E-01  0.50430883E-01  0.44152632E-01  0.43625113E-01  0.58361515E-01  0.42390168E-01  0.54730181E-01  0.16988205E-01  0.46631927E-02  0.16879264E+00
 0.46821125E-01  0.37808727E-01  0.39902560E-01  0.40028621E-01  0.39506178E-01  0.47121979E-01  0.19857801E-01  0.48976755E-02  0.63361719E-01  0.65260924E-01
 0.19950162E+00  0.56396272E-01  0.16218262E-01  0.16325161E-01  0.37529387E-01  0.43211807E-01  0.47026031E-01  0.50187096E-01  0.51872425E-01  0.44046074E-01
 0.67005724E-01  0.47935467E-01  0.49784008E-01  0.22567555E-01  0.39227800E-02  0.66181284E+00  0.36485896E+00  0.30294183E+00  0.90994753E-01  0.11683234E+00
 0.82248606E-01  0.10504977E+00  0.12177154E+00  0.10850749E+00  0.47369856E-01  0.97727161E-02  0.15534651E+00  0.11809269E+00  0.33516195E+00  0.13021183E+00
 0.37084322E-01  0.40888969E-01  0.89399517E-01  0.16331334E+00  0.11861507E+00  0.11743735E+00  0.15238307E+00  0.10455228E+00  0.17298631E+00  0.11706774E+00
 0.14463331E+00  0.78089856E-01  0.10761634E-01  0.74961655E-01  0.45343224E-01  0.10299934E+00  0.83836026E-01  0.69766738E-01  0.40350724E-01  0.34388028E-01
 0.13173433E+00  0.76445565E-01  0.26484434E-01  0.34065362E-01
 0.13400000E+03 -0.27661733E+05  0.11878578E+01 -0.27527023E+05  0.11145290E+01  0.55591467E+05  0.56408032E+05  0.55982254E+05  0.25411238E+03  0.18100000E+03
 0.27521994E-03  0.10602414E+01  0.98450650E+00  0.97474817E+00  0.11107513E-01  0.76860196E-02  0.14185854E-01  0.10000000E+01  0.22000498E-01  0.16212008E-05
