 0.62788670E+00  0.68199830E+00  0.97606005E+00  0.47636122E+00  0.70950292E+00  0.90503161E+00  0.47034741E+00  0.40795676E+00  0.37841550E+00  0.40180456E+00
 0.40443012E+00  0.54677052E-01  0.36438355E+00  0.53457115E-01  0.40205486E+00  0.42735010E-01  0.41776251E+00  0.38473205E-01  0.35720888E+00  0.48140738E-01
 0.38501230E+00  0.44177858E-01  0.98259481E-02  0.38224488E+00  0.41123451E-01  0.45231106E-01  0.39857767E+00  0.84243190E-02  0.41304601E-01  0.42305317E+00
 0.44693210E-01  0.46784787E-01  0.43418994E+00  0.44802761E-01  0.44848014E-01  0.42963943E+00 -0.19376270E-01  0.14960028E-02 -0.37458092E-02  0.20034863E-01
-0.45762551E-01  0.32587285E-01  0.11593891E+00  0.86856909E-02 -0.74887036E-01 -0.19791055E-01 -0.13790861E-02 -0.30464825E-01 -0.45141485E+00  0.20736287E+00
-0.82539229E-01 -0.20571047E-02  0.71916327E-02  0.27318263E+00 -0.58617326E+00  0.25789907E+00  0.12020650E-02  0.31809099E+00  0.24842887E+00  0.53703318E-01
-0.55129962E-01 -0.29110733E-01  0.11174602E+00 -0.10882218E-01  0.68956762E-01 -0.61497954E-01  0.36099895E-01 -0.56365000E-01  0.59240245E+00  0.19949319E+00
 0.40157644E+00  0.14616225E+00  0.64513018E+00  0.40034875E+00  0.20422300E+00  0.21548155E-01  0.74949889E+00 -0.10217936E-02  0.50998518E-01  0.72385174E-02
-0.31128336E-01  0.35215966E+00
 0.51057304E-01  0.47696160E-01  0.68985759E-01  0.85335286E-01  0.83040343E-01  0.96820995E-01  0.35953967E-01  0.19866493E-01  0.18231016E-01  0.27860475E-01
 0.25479354E-01  0.24771748E-01  0.27972099E-01  0.14784919E-01  0.18348114E-01  0.13730503E-01  0.20293778E-01  0.15130299E-01  0.19338135E-01  0.16628179E-01
 0.25153932E-01  0.32617241E-01  0.21165486E-01  0.46343966E-01  0.14609642E-01  0.14654045E-01  0.21441761E-01  0.14261786E-01  0.15229345E-01  0.21015376E-01
 0.17006862E-01  0.15327676E-01  0.27475716E-01  0.16876744E-01  0.18005048E-01  0.34773321E-01  0.48689997E-01  0.54299093E-01  0.50044107E-01  0.68485041E-01
 0.50833497E-01  0.47885098E-01  0.58366974E-01  0.60611886E-01  0.59713358E-01  0.61271170E-01  0.60429580E-01  0.62177247E-01  0.62336985E-01  0.52147097E-01
 0.60113807E-01  0.58990746E-01  0.60640270E-01  0.22346859E+00  0.25506357E+00  0.12771577E+00  0.97353457E-01  0.16873599E+00  0.78091899E-01  0.79664439E-01
 0.77404526E-01  0.81746084E-01  0.61073570E-01  0.59746159E-01  0.60964458E-01  0.57884426E-01  0.59425591E-01  0.61921354E-01  0.42439251E-01  0.41683845E-01
 0.52743761E-01  0.44687146E-01  0.45261214E-01  0.96904284E-01  0.40464127E-01  0.42370513E-01  0.50006194E-01  0.45304009E-01  0.48655837E-01  0.35847867E-01
 0.50633992E-01  0.71496552E-01
 0.82000000E+02 -0.22515497E+05  0.99260322E+00  0.45194994E+05  0.45612380E+05  0.45351916E+05  0.40409661E-04
