 0.26068483E-02    0.10236485E-02    0.22749237E-02    0.19171778E-02    0.11986392E-02
 0.47590349E-02    0.11899430E-03   -0.15451342E-03   -0.30716854E-03    0.72821111E-02
 0.30995788E-03    0.28028939E-03    0.13462313E-03    0.38846091E-02    0.68956986E-02
-0.29701911E-03   -0.17915227E-03   -0.94377486E-03    0.37241496E-02    0.40263836E-02
 0.93743051E-02   -0.57030682E-03   -0.41899770E-03   -0.34185462E-03   -0.15982478E-03
-0.23611477E-03    0.68307044E-04    0.12926878E-02   -0.10633155E-03    0.64104271E-04
 0.95538727E-04   -0.17391350E-03   -0.19925041E-04   -0.10509255E-03    0.12185114E-04
 0.39467754E-03    0.29685919E-04   -0.18075705E-03    0.85038977E-04    0.59448570E-04
 0.25687682E-04   -0.63095204E-04   -0.26190881E-05   -0.72603771E-05    0.33236994E-03
-0.24824941E-03   -0.77587947E-04   -0.98373904E-03    0.76671164E-04   -0.13880799E-04
 0.26810080E-03    0.56468363E-04   -0.21070347E-04   -0.45156379E-04    0.77620605E-03
 0.45623680E-03    0.30027081E-03    0.83207588E-03    0.12364053E-04    0.29316507E-04
-0.16631306E-03   -0.19492442E-04   -0.30807614E-04    0.14063158E-04   -0.20108247E-03
 0.64919750E-03   -0.58285994E-04    0.15573112E-03   -0.45621200E-03    0.43034370E-04
-0.55900005E-04   -0.30719785E-05   -0.26552872E-04    0.16064024E-04   -0.36645948E-04
 0.11787579E-03   -0.91764775E-04    0.61363949E-03   -0.53062965E-04   -0.12085895E-03
-0.15093546E-03    0.11754982E-04    0.69494535E-04    0.80885148E-04   -0.19393033E-04
 0.31124848E-04    0.37094384E-04    0.12260232E-04   -0.52089138E-05    0.20976197E-04
 0.78243833E-03   -0.64841564E-04   -0.77570979E-04   -0.39393101E-04    0.45747977E-04
 0.42488003E-04    0.21155635E-04    0.15528375E-04    0.39220904E-04    0.67555785E-05
 0.40664882E-05   -0.10405132E-04   -0.23818563E-04   -0.62477281E-05    0.21859383E-03
 0.57853174E-05    0.88625756E-05   -0.56488892E-04    0.67684715E-04   -0.51642503E-04
-0.85343707E-04   -0.52095557E-04   -0.12162290E-04    0.18586978E-04    0.11718687E-04
 0.43080233E-04    0.39318621E-04   -0.16817668E-04    0.49391158E-04    0.33665330E-03
 0.69600778E-04   -0.29391120E-05    0.59943047E-04   -0.87119750E-04   -0.47419162E-04
-0.10595530E-03    0.24377363E-05   -0.16589206E-05    0.26890805E-04   -0.85593143E-05
 0.23628546E-04   -0.59898038E-06    0.16853346E-04   -0.79852011E-05    0.32908718E-04
 0.18852670E-03    0.33289465E-04    0.55444428E-04    0.98423747E-04   -0.15941253E-04
 0.11548520E-03    0.36251157E-04   -0.17355572E-04    0.17518345E-05   -0.19796535E-04
 0.10304453E-04   -0.61457529E-05   -0.54314543E-05   -0.31085077E-04    0.18167845E-04
 0.64555774E-05    0.43551607E-04    0.41183741E-03    0.20370176E-04    0.19415632E-04
 0.31748099E-04    0.51050996E-04    0.84228450E-04    0.74439107E-04   -0.11516290E-04
 0.61564885E-05   -0.14199440E-04    0.18912070E-04    0.42860989E-05    0.25998116E-04
-0.93752673E-05   -0.94069248E-05   -0.14474011E-05    0.30234504E-05   -0.34794658E-06
 0.22892594E-03   -0.13127940E-05   -0.29876280E-04    0.26211179E-04    0.59611187E-04
 0.24091849E-04   -0.92687370E-04    0.48126228E-04   -0.70116455E-05   -0.81158105E-05
-0.34715128E-04   -0.20687560E-04   -0.27849178E-04   -0.26685357E-04   -0.25537456E-05
-0.46694251E-04    0.40515702E-05    0.55735391E-07    0.27682393E-04    0.37396345E-03
-0.32534969E-04    0.55681145E-04   -0.11717535E-03   -0.63684251E-04   -0.21688865E-04
-0.50657509E-04   -0.18111587E-04    0.37621558E-05   -0.12210506E-04    0.39833457E-04
 0.11956569E-04    0.70340879E-04   -0.28932728E-04   -0.81157384E-05    0.11135702E-05
-0.16589739E-04   -0.88801847E-05   -0.38748917E-04    0.30021934E-05    0.27649633E-03
-0.83626862E-04    0.29523672E-05   -0.42734194E-04    0.25316865E-05   -0.14713271E-04
-0.11744299E-04    0.74916070E-05    0.18078566E-04   -0.32752085E-05    0.13938656E-04
-0.60372304E-05   -0.22190021E-05    0.94124648E-04    0.26820545E-04    0.27615899E-05
 0.75791170E-05   -0.59891790E-04    0.59596722E-05   -0.85550876E-04    0.39755189E-04
 0.63272030E-03   -0.42632685E-03   -0.28822502E-03   -0.10190610E-02    0.41847587E-03
-0.42390834E-03    0.76549682E-03    0.20546043E-03   -0.59747172E-04    0.14393964E-05
 0.23099871E-03   -0.14930051E-03    0.12041328E-03   -0.16624919E-04    0.26723540E-04
 0.13948967E-04   -0.45895925E-04   -0.39411988E-04   -0.14526944E-04    0.10689140E-04
 0.20937782E-04   -0.38976897E-04    0.10638844E-02    0.73732317E-05    0.14301800E-04
-0.54911572E-04   -0.18771375E-03   -0.19419819E-03   -0.22768944E-03   -0.34117884E-04
 0.38356612E-05   -0.88094058E-05    0.30586170E-04   -0.21783961E-05    0.77813122E-04
 0.99464970E-04    0.63078866E-05    0.11998221E-04    0.25877556E-04   -0.20362811E-04
-0.63034028E-05   -0.22900891E-04   -0.57991043E-05    0.38505846E-04    0.98588099E-05
 0.44797781E-03   -0.23221296E-03    0.49785201E-04   -0.19039192E-03   -0.25190149E-02
-0.15028024E-02   -0.31818505E-03    0.16953403E-03    0.63797257E-04   -0.49987598E-04
 0.73395408E-04   -0.25729578E-04   -0.13216938E-04   -0.45810959E-04   -0.27291022E-04
-0.58263222E-04    0.86977002E-05   -0.61607005E-04    0.11174502E-04   -0.65973085E-04
-0.84822263E-06    0.24754485E-04    0.20792594E-03    0.95730455E-04    0.21477632E-02
 0.44433675E-05    0.27824596E-04    0.61126943E-04    0.11474655E-03    0.38055139E-04
-0.42405608E-04   -0.38299867E-04    0.21941106E-04   -0.15154133E-05   -0.48670296E-05
-0.29507286E-05   -0.12154322E-04    0.55996533E-04    0.16980835E-04   -0.66742404E-05
 0.12281837E-04    0.49323081E-05    0.14087620E-04    0.23690582E-05   -0.13755442E-04
-0.49130513E-05   -0.42235147E-04   -0.15379819E-05   -0.70948238E-04    0.21344165E-03
-0.11816353E-04   -0.61200511E-05   -0.65848538E-04    0.84388979E-04    0.10540222E-04
 0.41664136E-04   -0.67102392E-05   -0.58651154E-05    0.63935733E-05    0.54597166E-04
-0.47761585E-05    0.12593735E-04   -0.10910789E-04    0.17522536E-04    0.38690213E-04
 0.14676358E-05   -0.85724735E-05    0.17033699E-05   -0.24498539E-04    0.69036533E-05
 0.14371688E-04    0.71170674E-04   -0.15504501E-04   -0.91748676E-05    0.15853439E-04
 0.21474103E-03    0.26151029E-04   -0.47609759E-04   -0.21340877E-04    0.45558025E-03
 0.16739901E-03    0.10041905E-03   -0.98928116E-05   -0.67748163E-05    0.41165191E-06
 0.42433431E-04   -0.98295338E-06    0.11593975E-04    0.15305545E-05    0.76122418E-05
 0.27439267E-04    0.46908547E-05    0.10173314E-04    0.46291432E-05    0.17980205E-04
-0.97682337E-05   -0.86326330E-05    0.63931773E-04   -0.57733088E-07   -0.29402244E-03
 0.60670735E-04    0.58009222E-04    0.45974911E-03   -0.52466352E-04   -0.15555161E-04
-0.34836120E-04   -0.16191879E-04    0.72616627E-04   -0.85540463E-05    0.21579261E-04
 0.11287086E-04   -0.11011637E-04   -0.15823437E-04   -0.23522425E-04    0.76753227E-07
-0.11056968E-04   -0.14467261E-04   -0.31847736E-04    0.26217616E-04   -0.53080166E-06
-0.66711248E-05    0.31439529E-04   -0.11310736E-05   -0.12123877E-05   -0.16583181E-04
 0.63631142E-05   -0.52294078E-05   -0.93488947E-05   -0.44081785E-05   -0.29915650E-04
 0.20339853E-03   -0.25309143E-05   -0.41762848E-05   -0.36348191E-04   -0.50013278E-04
-0.13945928E-03   -0.13015767E-03    0.10472219E-04    0.70909671E-05    0.13846482E-04
-0.45501832E-05   -0.17950443E-04    0.75332984E-05    0.28737095E-05    0.74590620E-05
 0.46087198E-05    0.11156231E-04    0.15083291E-04    0.27852279E-06   -0.18024790E-04
 0.57468854E-05    0.17614749E-04   -0.91476872E-05   -0.24628985E-04   -0.85821248E-05
 0.46533497E-06    0.11833914E-04   -0.11255498E-04    0.22248431E-04    0.23193295E-03
-0.90234115E-04   -0.93536842E-04   -0.56958382E-04   -0.14555308E-03   -0.40226220E-03
-0.75205004E-04    0.86914501E-05    0.62662843E-05    0.28661716E-04   -0.28458569E-04
 0.83340059E-06   -0.56553819E-05    0.34897061E-04    0.15596888E-04    0.25063683E-04
-0.55520197E-05    0.18479213E-05   -0.83186970E-05    0.48886134E-05    0.12666999E-05
-0.59088366E-05    0.11266775E-04    0.19377018E-04   -0.43701964E-05   -0.47799301E-05
-0.14744439E-04   -0.24487247E-04    0.16602079E-04    0.29155010E-04    0.44164601E-03
 0.13583166E-04    0.17352586E-05   -0.31402263E-04    0.93307208E-04    0.60404151E-04
-0.51783208E-04   -0.12475291E-04   -0.13444712E-05    0.33372189E-05    0.82166921E-04
-0.36631915E-04    0.12001596E-04   -0.59371689E-05    0.80378731E-05    0.83373904E-06
-0.23776447E-04    0.47323472E-05    0.25700277E-04   -0.42953156E-05    0.58633950E-05
-0.16207250E-04    0.50182879E-04    0.22420299E-05   -0.61490296E-04   -0.24978395E-04
-0.31356236E-05   -0.29212961E-04   -0.26733644E-04    0.63698160E-05   -0.15269953E-04
 0.28923336E-03    0.31327936E-05   -0.31631640E-05    0.23380553E-05    0.43650914E-04
-0.11996422E-04   -0.70498138E-04   -0.40563554E-04    0.12347082E-04   -0.11996552E-05
-0.72702748E-05    0.90320140E-05   -0.16168796E-04    0.27458766E-04    0.47315150E-05
 0.82402112E-05   -0.71552083E-05   -0.43307842E-05    0.15744887E-04    0.19884747E-04
 0.58884903E-05   -0.13393006E-04    0.10485228E-04    0.20948089E-05   -0.71393076E-04
 0.16113385E-05   -0.78406582E-05    0.19071961E-04    0.32324869E-05   -0.17188907E-04
 0.11356685E-04    0.50876707E-04    0.23493764E-03    0.14662744E-03    0.71537321E-04
 0.27199423E-03   -0.26595079E-03   -0.23593948E-03   -0.13943182E-02   -0.43687116E-04
 0.55616449E-04    0.12691577E-04   -0.46224675E-04    0.32212390E-04    0.96358477E-05
 0.99514220E-05   -0.41877522E-05    0.78740381E-05    0.39431813E-05    0.70241662E-05
 0.24175006E-04    0.19113400E-04    0.77306274E-05    0.44718787E-04   -0.19046053E-03
 0.25181580E-04   -0.84262887E-04    0.24749297E-04    0.11771377E-05   -0.31469758E-04
-0.24327918E-04    0.13468871E-04   -0.68756400E-04    0.87192114E-04    0.76662738E-04
 0.75491498E-03   -0.77348859E-04   -0.25398664E-05   -0.19268298E-03    0.13191534E-03
 0.99966771E-04    0.24634505E-03    0.22987468E-04   -0.14905707E-04   -0.26235253E-05
 0.63078544E-04    0.47776099E-04    0.16031193E-04    0.14007910E-04   -0.13372177E-04
 0.15811041E-04   -0.34551817E-05    0.29970477E-05   -0.22351352E-04   -0.21720733E-04
 0.31078928E-04    0.58439633E-04    0.96377374E-04   -0.25694836E-05    0.25341215E-04
-0.35511571E-04   -0.11217110E-04   -0.68879007E-05   -0.13776139E-04   -0.87568052E-05
 0.67232327E-06   -0.13818741E-04    0.74571910E-05   -0.51976898E-04    0.28482449E-03
-0.34325114E-04    0.29259167E-04   -0.37575581E-04    0.18159079E-03    0.30005781E-04
 0.25223061E-03   -0.11554437E-04   -0.56848737E-05   -0.39185406E-06    0.11564861E-04
 0.11559203E-05    0.29867949E-04   -0.24853690E-04   -0.77758946E-05   -0.23952957E-06
 0.33715027E-05   -0.24542021E-04   -0.84229876E-05   -0.42759167E-04    0.51355947E-04
 0.95841305E-04    0.34054911E-04    0.58535388E-04   -0.32935227E-04   -0.23020210E-04
-0.13516464E-04    0.17188282E-04   -0.17350039E-04   -0.44934208E-05    0.25382264E-04
 0.15320187E-04   -0.27207748E-04   -0.58552078E-04    0.30926854E-04    0.32418176E-03
-0.38856352E-04    0.15744640E-05   -0.24868439E-03    0.12038957E-02    0.14193257E-02
 0.20197493E-02   -0.51522486E-05   -0.16674070E-04   -0.87710248E-05    0.74711328E-04
-0.37387320E-04   -0.84463438E-05    0.67694917E-05    0.24598102E-04   -0.37791101E-04
-0.38762545E-04   -0.15900278E-04    0.29834808E-04   -0.19590047E-04    0.99973621E-06
 0.30557085E-04    0.17718302E-03   -0.10852419E-04   -0.12652830E-03   -0.37819892E-04
 0.98708166E-06   -0.53733565E-05    0.13511814E-04   -0.47485169E-04   -0.12259790E-03
 0.15064325E-04   -0.28294172E-04   -0.24359314E-03    0.81713576E-04    0.13743008E-03
 0.12091839E-02   -0.24394816E-03   -0.10422992E-04   -0.33323712E-03    0.36871739E-04
 0.14181960E-03    0.13937448E-03    0.49805091E-05    0.41635852E-04   -0.46473031E-04
 0.76127146E-04   -0.12474850E-03    0.50047118E-04   -0.20626989E-04   -0.61230749E-05
-0.87352733E-04   -0.19400201E-04   -0.33126211E-05   -0.20490399E-04    0.38558806E-04
 0.16352340E-04    0.19961424E-04    0.14593004E-03    0.21890952E-04    0.37572495E-04
-0.25290021E-04   -0.14719188E-05   -0.40372915E-04    0.23255954E-04   -0.20034317E-04
-0.40831522E-04    0.57684301E-04    0.57612027E-05    0.36680474E-04    0.18890580E-05
-0.53341635E-04    0.56419517E-04    0.23707159E-02    0.25056435E-03   -0.23374458E-03
 0.78641616E-03   -0.28616478E-03   -0.18099235E-03   -0.57101428E-03   -0.36148791E-04
-0.30237646E-04    0.11225677E-03   -0.27035398E-03    0.15483115E-03   -0.13160961E-03
 0.22697968E-04    0.55989964E-04    0.41587396E-04    0.63552674E-04    0.34089571E-05
-0.39704664E-04    0.26018396E-05    0.26236189E-04    0.11536190E-05   -0.21321340E-03
 0.32533152E-04    0.26321336E-04   -0.13580413E-04   -0.14138932E-04   -0.27390986E-04
 0.95402087E-07    0.12040434E-04    0.45250992E-04   -0.50505620E-04   -0.42181790E-04
 0.46628063E-04   -0.98404294E-04    0.12598272E-04   -0.10561574E-03   -0.62416216E-03
 0.29483915E-02   -0.32463027E-04    0.68364505E-04   -0.13465195E-03   -0.29040024E-04
 0.70525166E-04   -0.17593747E-04   -0.52245984E-04    0.45256819E-04    0.53137763E-05
 0.64620439E-04   -0.18962045E-04    0.80950356E-04    0.41261977E-04    0.23643470E-04
 0.60363683E-04   -0.79139560E-05    0.35045483E-05    0.53110267E-04   -0.36351384E-04
 0.21129594E-04    0.24238179E-05    0.31481658E-04    0.10552544E-04   -0.15091883E-04
 0.44965757E-04   -0.32805524E-04   -0.35648213E-04    0.33148339E-05    0.30879943E-04
 0.29137779E-05    0.87666850E-05    0.10501299E-05   -0.56733782E-05   -0.39977561E-04
 0.39192100E-04    0.27210817E-04    0.57380997E-03   -0.17009667E-03    0.25044127E-02
 0.41161679E-04   -0.12100308E-03    0.50739887E-03   -0.17201527E-03    0.19321579E-05
-0.18168771E-03    0.96347845E-05   -0.42984840E-04    0.19609307E-04   -0.15914774E-03
 0.10603808E-03   -0.13409467E-03   -0.43353942E-04   -0.66837401E-05   -0.30904717E-04
 0.52958334E-04    0.23322053E-04   -0.75704720E-04   -0.61202649E-04    0.23534134E-04
 0.65082101E-04   -0.28903415E-03    0.15256284E-04   -0.23742509E-04   -0.78047752E-04
-0.11747886E-04    0.66952226E-04   -0.65529783E-06   -0.42123683E-05    0.30137538E-04
-0.44336868E-04    0.33705995E-04    0.40628324E-04    0.58029042E-05    0.35371695E-04
-0.10621183E-03   -0.11484519E-02    0.16464839E-02   -0.16507380E-02    0.46902008E-02
-0.80911044E-04   -0.18768664E-03   -0.31572784E-04   -0.37829287E-03   -0.37040775E-04
-0.88344541E-04   -0.36385248E-04    0.38356904E-04    0.34146191E-04   -0.29976750E-04
-0.52974934E-04   -0.44685838E-04    0.71125555E-04   -0.11003821E-04   -0.76651835E-04
 0.12439423E-04    0.18520985E-04    0.54186679E-04    0.38141603E-04   -0.11935043E-03
-0.14693636E-04   -0.43512627E-04    0.79845223E-04    0.11364237E-03   -0.13453956E-04
-0.32116903E-04   -0.37299435E-04    0.40460174E-04   -0.24672988E-04   -0.67732626E-04
-0.11493473E-04   -0.33691575E-04   -0.19463163E-04    0.13133288E-04   -0.40290659E-04
-0.66017518E-04    0.51910700E-03    0.97951141E-04    0.10266900E-03   -0.16467375E-03
 0.25840444E-02    0.12579612E-03    0.79854989E-04    0.45188851E-04    0.32219684E-03
-0.24745631E-03    0.13538703E-03   -0.66489248E-04   -0.13853221E-04   -0.71338187E-05
 0.54029447E-04    0.51618044E-04    0.76778718E-05   -0.57332040E-04    0.41305588E-04
 0.63773803E-04   -0.41792586E-04    0.49795924E-04   -0.31981036E-04   -0.39152332E-04
 0.27811595E-04   -0.91511298E-04    0.10015074E-03   -0.18916640E-04   -0.43693733E-04
-0.34921743E-05    0.60525386E-04    0.34601318E-04   -0.31437991E-04    0.27438391E-04
 0.66332907E-04    0.11979727E-04    0.21345647E-04   -0.40649337E-04    0.11507636E-05
 0.16074605E-04    0.39377996E-04   -0.11545110E-03    0.27759581E-03    0.98201735E-04
 0.58660285E-04   -0.82157539E-03    0.22929826E-02   -0.54886883E-04    0.56149702E-05
 0.28958511E-03   -0.29761964E-03   -0.19816953E-03   -0.15866726E-03    0.11654834E-03
-0.45227682E-04   -0.65755773E-05   -0.17120168E-03    0.10532955E-03   -0.93350675E-04
 0.48489258E-04    0.17404681E-04    0.30754061E-04    0.13747863E-04    0.11852312E-04
-0.22654178E-04   -0.26170456E-04   -0.75446899E-04   -0.20531820E-04   -0.12854251E-03
-0.34996706E-04    0.11015625E-03   -0.70418808E-05   -0.50828193E-04    0.29866111E-04
 0.38089296E-04   -0.20443928E-05    0.39896139E-06   -0.11593941E-03    0.10887526E-04
-0.61688878E-04    0.25924523E-04    0.18952767E-05   -0.41906762E-04   -0.15433344E-02
 0.35218648E-03   -0.39272100E-03    0.60342909E-03   -0.42796103E-03    0.84599252E-04
 0.34067036E-02    0.22825667E-03    0.29399665E-04    0.21835992E-04    0.32590417E-04
-0.10641551E-03   -0.20313827E-03   -0.18063841E-03    0.10912111E-04    0.41587832E-04
 0.69610314E-04    0.39665790E-04    0.70148279E-04   -0.23396818E-04    0.32736057E-04
 0.81300570E-04   -0.41669526E-04   -0.32366016E-04    0.11185153E-03   -0.22926445E-04
 0.58952804E-04    0.12896589E-04   -0.12806740E-03    0.55856659E-04   -0.59565108E-04
 0.26041575E-04   -0.24995334E-05    0.17879229E-04   -0.78900396E-04   -0.86702631E-05
 0.36044551E-04    0.21555638E-04   -0.24274863E-04    0.26920442E-04   -0.71456949E-05
 0.44825540E-04    0.19309591E-04   -0.12906908E-02    0.33898918E-03   -0.28190237E-03
 0.64644889E-03   -0.15737800E-03    0.14132485E-05    0.14051697E-03    0.36738007E-02
 0.30861272E-03   -0.24021522E-03    0.34212151E-04    0.93569280E-04   -0.21875726E-03
-0.93223411E-04    0.97730085E-04   -0.39653471E-04    0.35348700E-04    0.67709066E-04
 0.52988000E-04   -0.27376007E-04    0.53165772E-04    0.16071320E-05    0.14192207E-04
 0.32868056E-04    0.13268219E-05    0.19274363E-04   -0.26004273E-06    0.46629224E-04
-0.29691829E-04    0.50539242E-04   -0.45404791E-04   -0.28326384E-04    0.18131267E-04
-0.71121885E-06    0.29308005E-04   -0.25828539E-04    0.52660830E-04    0.19012900E-04
 0.23115626E-04    0.52580668E-04   -0.16458597E-04    0.18582662E-04    0.33394810E-04
-0.56365030E-04   -0.12157781E-02    0.16825568E-03   -0.30596676E-03    0.42314853E-03
-0.50327425E-03    0.18156546E-03    0.27082527E-03   -0.40202861E-03    0.35656851E-02
 0.58336488E-03    0.48924569E-03   -0.27853129E-03    0.23598459E-03    0.46497054E-03
 0.41586513E-03   -0.20018780E-03   -0.13680539E-04   -0.11937247E-03    0.13788219E-03
-0.57461743E-04    0.15985556E-03   -0.95739469E-04   -0.70708560E-04   -0.62139309E-04
-0.96492271E-04   -0.66374236E-04    0.46046041E-04    0.48377329E-04    0.21877766E-04
 0.14093251E-04    0.48948490E-04   -0.82317046E-04   -0.10638971E-03   -0.51600511E-04
-0.13645392E-04   -0.20170076E-04   -0.15987179E-04   -0.84234902E-05   -0.90818262E-04
 0.90060285E-04    0.24206358E-04   -0.14977164E-04    0.56592073E-04    0.26764812E-04
 0.60469784E-04    0.40179744E-03   -0.17738724E-02    0.15040442E-03   -0.90240102E-03
-0.64713550E-04   -0.13007961E-03   -0.88528137E-03   -0.10491729E-03   -0.27245388E-04
 0.37541563E-02   -0.22996267E-03    0.29036100E-03   -0.15478154E-03    0.14199533E-03
-0.13284064E-03    0.21479362E-04    0.19393647E-03    0.12092580E-03   -0.54762927E-04
 0.97597584E-04   -0.53716431E-04   -0.10201125E-03    0.70890895E-04   -0.41561229E-04
-0.18192836E-04    0.29465584E-04    0.12281456E-03   -0.42608898E-04    0.13668126E-04
-0.18312346E-04   -0.46030833E-04    0.16088020E-03   -0.20529704E-04   -0.12957189E-04
 0.71874851E-04    0.29482344E-04    0.11786764E-03    0.27240699E-06    0.35293408E-04
-0.91636681E-04   -0.13902798E-04    0.40418775E-04    0.37411932E-04   -0.89597282E-05
-0.66139419E-06   -0.47177564E-05    0.15574676E-03   -0.15040568E-02    0.21180088E-04
-0.76862514E-03   -0.18131509E-03    0.86389554E-04    0.17404500E-04   -0.64234130E-03
 0.29116505E-03    0.29705199E-03    0.36517341E-02   -0.63587352E-03    0.43506900E-04
-0.98163969E-03   -0.33937129E-04    0.17365332E-03    0.58889990E-03   -0.38568920E-04
 0.20728841E-04   -0.71556984E-04    0.23909938E-03   -0.21370873E-03    0.11856024E-03
-0.64099502E-04   -0.18165264E-04    0.96518124E-05   -0.42070518E-04   -0.11137933E-03
 0.48756506E-04   -0.42174874E-04   -0.12622873E-04    0.48052461E-04    0.49694635E-04
 0.55095933E-04    0.20719339E-03    0.76552746E-05    0.21720155E-04   -0.57625962E-04
-0.60873275E-05   -0.39812932E-04    0.51690679E-04   -0.57333123E-05   -0.11657532E-04
-0.44897821E-04    0.11330598E-03    0.21530852E-04    0.82921509E-04    0.22637753E-03
-0.16438839E-02    0.98175832E-04   -0.93389543E-03    0.35129503E-04   -0.33539695E-03
 0.25800890E-04    0.16498558E-03   -0.79818545E-03    0.34034266E-03   -0.17415265E-03
 0.38660101E-02    0.83207721E-04   -0.30978428E-03    0.46486472E-03    0.71266254E-03
 0.10191230E-03    0.42887224E-03   -0.42758499E-03   -0.31517448E-04   -0.24147195E-04
-0.16116974E-03    0.11657431E-03   -0.61844613E-03   -0.78628658E-05    0.77312508E-05
-0.12644375E-03   -0.37895178E-04    0.94732102E-04   -0.34492184E-04   -0.39159292E-05
-0.58522184E-04   -0.18087991E-04    0.24724941E-03   -0.33304380E-04   -0.30504112E-03
 0.87523756E-05    0.98885155E-05    0.71505426E-04   -0.26935818E-04    0.24384248E-04
 0.40328029E-04    0.20849629E-04    0.44512954E-04   -0.47271955E-04    0.12336631E-04
 0.53395327E-04    0.19757896E-03    0.24738357E-04    0.15552807E-03   -0.11685020E-03
 0.21311607E-03    0.20785647E-03    0.92633213E-04   -0.85160045E-04    0.44966411E-04
-0.78199090E-04   -0.26099598E-03    0.25502742E-03   -0.33543488E-03    0.38858997E-02
 0.25235119E-03    0.29959776E-03    0.74043216E-03   -0.68192577E-03   -0.13144673E-03
-0.98384980E-03    0.12357191E-03    0.96828311E-05    0.57646289E-04   -0.17360300E-03
 0.69144454E-04    0.30320753E-04   -0.15757883E-03   -0.43219408E-04   -0.15382328E-04
 0.67560082E-05   -0.12318582E-04    0.80350338E-05    0.60913118E-04    0.41313235E-04
-0.53131654E-04   -0.55248708E-03   -0.38408632E-03    0.32807498E-03   -0.40659502E-04
-0.40760527E-04   -0.10056743E-03   -0.18873570E-05    0.46552496E-05    0.30134684E-04
-0.55560200E-04   -0.22243469E-04    0.11985150E-03   -0.47335626E-04   -0.11147705E-03
-0.20215070E-03   -0.39597126E-04    0.48871176E-04    0.13627239E-03   -0.39034861E-04
-0.21906224E-03    0.33557134E-04    0.11853819E-03    0.11714951E-04    0.14520146E-04
 0.12660713E-03   -0.69157655E-04   -0.25373672E-04   -0.14772665E-02    0.27193198E-02
-0.74640481E-05   -0.16491063E-03    0.40492900E-04   -0.25077498E-04    0.94881883E-04
 0.13190047E-03    0.29526628E-04    0.37833649E-04   -0.41671313E-05    0.23068361E-04
 0.78816162E-05   -0.33571813E-04    0.30777292E-04   -0.12622139E-04   -0.36875634E-04
 0.74309483E-04    0.10650819E-03   -0.30432839E-04    0.77298504E-05    0.10024606E-04
-0.24816555E-04   -0.61356653E-04    0.81828260E-04    0.66015669E-04    0.32297532E-04
-0.16556361E-05    0.17401049E-04    0.59839196E-04   -0.44230916E-04   -0.47008456E-04
-0.28843505E-04   -0.26142182E-04    0.50150260E-04    0.15365967E-05    0.33279441E-05
-0.29634713E-04   -0.48376612E-03    0.27625198E-03   -0.14524149E-02    0.10183290E-02
-0.50559660E-04   -0.11969394E-03    0.72013150E-03   -0.34753102E-04    0.36455766E-03
-0.51690986E-03    0.65730190E-04   -0.13032788E-03   -0.14300484E-03   -0.23798723E-03
 0.36136698E-02    0.32046715E-04   -0.47418287E-04   -0.34471465E-04    0.22725435E-04
-0.22891439E-03   -0.18974621E-03    0.44625710E-05   -0.39314230E-04   -0.20269568E-04
 0.18592123E-04   -0.60451924E-05   -0.37646221E-04   -0.65479527E-04    0.10456550E-04
-0.43106579E-04   -0.95781742E-04   -0.53686351E-04   -0.75000821E-05   -0.45929585E-04
 0.11313472E-04    0.41958945E-04    0.69618678E-04   -0.29689406E-04    0.31041861E-05
-0.49798613E-04   -0.85280283E-05    0.84880986E-05   -0.33110018E-04    0.16221137E-04
 0.19565769E-04    0.30025290E-04   -0.30016571E-04   -0.16440057E-05    0.50041736E-04
 0.22168463E-05    0.91038591E-04   -0.33522672E-03    0.84364050E-04   -0.13729251E-02
 0.97075483E-03    0.21855784E-04   -0.69119385E-04   -0.38726047E-04    0.89894246E-03
-0.83320388E-05    0.11410599E-03   -0.18346696E-03    0.73669929E-04    0.71928426E-04
-0.20021858E-04   -0.13497567E-03    0.34799081E-02    0.65468554E-04   -0.14729378E-03
 0.13613212E-03   -0.10370947E-04   -0.39709581E-03   -0.11049116E-03    0.12803386E-03
-0.24185521E-04    0.11183919E-04   -0.11610021E-03   -0.10942144E-05   -0.14588912E-03
-0.11917392E-03   -0.19517983E-04   -0.46761350E-04    0.57187255E-05   -0.23648143E-04
-0.32712621E-04    0.72563244E-04   -0.73619968E-04   -0.12361374E-05    0.11306356E-03
-0.12494275E-03    0.52554103E-04   -0.21552100E-04    0.69619022E-04    0.56206595E-04
-0.51332959E-04   -0.19521859E-04   -0.10389490E-04    0.11861878E-04    0.41557527E-04
 0.32336741E-04    0.73822673E-05   -0.31515403E-04   -0.21187539E-03   -0.11144732E-03
-0.45024498E-04   -0.13209854E-02    0.73384841E-03   -0.10749162E-03   -0.86361771E-04
 0.13229217E-03   -0.26473754E-03    0.70514349E-03   -0.66531864E-04    0.16870805E-03
-0.38989695E-03    0.55924740E-03   -0.22154212E-03    0.51366733E-04   -0.28240767E-04
 0.36772423E-02   -0.21887979E-02    0.24775250E-03   -0.22115421E-02   -0.37900787E-02
-0.85197719E-03   -0.18311144E-02    0.26833832E-02    0.39757825E-03   -0.20925289E-03
 0.64283217E-03   -0.47875436E-03    0.23477004E-02    0.52371162E-03    0.12497953E-04
 0.16556416E-03    0.54920970E-04   -0.18413049E-03    0.22820108E-03   -0.19873572E-03
 0.34138648E-03    0.60360783E-03   -0.13081735E-02    0.19011189E-03    0.14033976E-02
-0.72230141E-04   -0.23258433E-03   -0.36889865E-03   -0.37562512E-04    0.71176994E-04
-0.13273824E-03   -0.14879689E-03   -0.38746696E-03    0.31676233E-03   -0.14113935E-03
-0.98304795E-04   -0.80277359E-03   -0.14554297E-03   -0.18857473E-03    0.51309859E-03
 0.21159210E-03   -0.43757800E-03   -0.47253969E-03    0.59392906E-03   -0.86844488E-04
-0.43042954E-03    0.27279754E-03   -0.97061775E-03    0.14708177E-02   -0.89147448E-02
 0.36038268E-02    0.40869465E-03   -0.60546753E-03   -0.19365551E-02    0.49938209E-01
 0.21725745E-02   -0.54373679E-03    0.14528830E-02    0.47321438E-02    0.13743253E-02
 0.29461776E-02   -0.32287110E-02   -0.41124275E-03    0.29059979E-03   -0.66154778E-03
 0.18879663E-03   -0.24750144E-02   -0.32379985E-03    0.49477790E-04   -0.16180805E-03
-0.47011887E-04    0.12987529E-03   -0.34639398E-03    0.22175693E-03   -0.56280050E-03
-0.60845382E-03    0.16279640E-02   -0.28266960E-03   -0.16981739E-02    0.11156386E-03
 0.24134841E-03    0.53293907E-03    0.52274950E-04   -0.83025938E-04    0.32346587E-03
 0.21625073E-03    0.50688440E-03   -0.42610353E-03    0.22166742E-03    0.19871854E-04
 0.90716914E-03    0.24794785E-03   -0.18220516E-04   -0.55917467E-03   -0.36771783E-03
 0.38509555E-03    0.41727365E-03   -0.36909244E-03   -0.23757601E-03    0.48142453E-03
-0.26712526E-03    0.10311129E-02   -0.10427366E-02    0.81438020E-02   -0.35824239E-02
-0.23439628E-03    0.63822092E-03    0.18700725E-02   -0.53961151E-01    0.65057423E-01
-0.11627298E-02    0.19281880E-03   -0.20689554E-02   -0.15863085E-02   -0.39921986E-03
-0.76086650E-03    0.11106430E-02    0.28411813E-03   -0.16218102E-03    0.58427281E-03
-0.38597445E-03    0.14792986E-02    0.11278353E-02   -0.23860142E-04    0.15773028E-03
 0.11694902E-03   -0.10831357E-03    0.12787271E-03   -0.87030232E-04    0.19555811E-03
 0.48961157E-03   -0.37573493E-03    0.10924153E-03    0.67578485E-03    0.23084855E-04
-0.73188002E-04   -0.18818543E-03    0.13212095E-04    0.47644348E-04   -0.91077707E-04
-0.69293990E-04   -0.16081630E-03    0.21678717E-03   -0.45736197E-05   -0.97274966E-04
-0.30793995E-03    0.11205008E-03   -0.45992528E-03    0.26097502E-03   -0.10070706E-03
-0.94778095E-04   -0.30471875E-03    0.81476389E-04   -0.72818285E-04   -0.25605467E-03
 0.37353013E-03   -0.89825872E-04    0.92621864E-03   -0.43844314E-02    0.13983766E-02
 0.15813754E-03   -0.31516145E-03   -0.10648497E-02    0.24885542E-01   -0.26746254E-01
 0.16311317E-01    0.71106082E-04   -0.46785284E-03   -0.93536674E-03    0.15462352E-02
-0.43106021E-03    0.77070008E-03   -0.51766004E-03   -0.19481255E-03   -0.64999635E-04
 0.23648430E-03   -0.16084559E-03   -0.41230179E-03   -0.10045709E-03    0.36607182E-04
 0.26766655E-04    0.10597617E-04    0.10789387E-04   -0.78288166E-04    0.25616302E-04
-0.15852245E-03   -0.19086554E-03    0.12649636E-02    0.47100478E-03   -0.62988895E-03
 0.13479053E-04    0.16236900E-03    0.22170568E-03   -0.42346731E-05   -0.78789284E-05
 0.55712227E-04    0.11123966E-03    0.89726197E-04   -0.15594208E-03    0.63695373E-04
 0.16490545E-03    0.33494003E-03    0.27063230E-03   -0.32426048E-03   -0.13410461E-03
-0.26650756E-03    0.32837637E-03    0.80192528E-04   -0.51183669E-03    0.39046649E-04
 0.32300912E-03   -0.10281640E-03    0.28812316E-03   -0.37857467E-03    0.28772871E-02
-0.30241619E-02    0.14072812E-03    0.33005860E-03    0.71530651E-03   -0.15847133E-01
 0.16888824E-01   -0.77408516E-02    0.94776955E-02    0.39580950E-03    0.43398373E-03
 0.31397275E-02   -0.31292445E-02    0.27544622E-02   -0.13228051E-04    0.57856061E-03
 0.29070930E-03    0.64413525E-04   -0.78069031E-03    0.40029646E-03   -0.45684173E-03
-0.27745750E-03   -0.23568076E-04   -0.35868976E-03    0.49113223E-04    0.12329610E-03
 0.19609514E-03    0.13936443E-03    0.80404985E-04   -0.46074146E-04   -0.27445468E-02
-0.13252440E-02    0.14075215E-02    0.31383780E-04   -0.31088215E-03   -0.44606861E-03
 0.13568861E-03    0.33085584E-04   -0.40309296E-03   -0.38638109E-03   -0.28431810E-03
 0.10586212E-03   -0.27773585E-03   -0.53114959E-03    0.11524525E-03   -0.44354879E-03
 0.36470742E-03   -0.13319007E-03    0.25511571E-03    0.18441716E-03   -0.63928529E-03
 0.98591434E-03   -0.37660785E-04   -0.61277911E-03    0.13563374E-03   -0.38774428E-03
 0.40820384E-03   -0.22253359E-02    0.38397221E-02    0.42900561E-03   -0.35882112E-03
-0.30255899E-03    0.14836013E-01   -0.17397308E-01    0.62257057E-02   -0.10583842E-01
 0.28471835E-01    0.64400310E-03    0.61066698E-03    0.62407910E-03   -0.12867559E-03
-0.13371918E-03    0.36846627E-03    0.18078766E-03   -0.11299888E-03   -0.56290096E-04
-0.99286564E-04    0.35996160E-03    0.54306371E-04    0.56535232E-05   -0.92574205E-04
 0.10489838E-03   -0.12668020E-04    0.12481131E-04   -0.77405927E-04   -0.73593117E-04
 0.68009152E-04   -0.16336820E-03    0.15005879E-04    0.11502533E-03    0.28435759E-03
 0.41802331E-04   -0.14571997E-04   -0.46490129E-04   -0.59157205E-04   -0.25983012E-04
-0.15833508E-03   -0.13727755E-03   -0.72411942E-04   -0.13105984E-03    0.45754451E-04
 0.39110562E-04    0.23011231E-03    0.12274049E-03   -0.39346842E-03   -0.71965578E-04
-0.56647441E-03   -0.18271813E-04   -0.11434487E-03   -0.13004043E-03    0.22880801E-04
-0.31743729E-03    0.45653548E-03    0.44672156E-03    0.57819226E-04    0.26622477E-03
-0.19644768E-03    0.15554467E-04    0.20287641E-04   -0.30678634E-04   -0.19463655E-03
-0.14755876E-02   -0.22337860E-04    0.10185475E-03    0.88962711E-04    0.60983446E-02
 0.65505473E-03    0.54020656E-03    0.18667860E-03    0.24374808E-05    0.31767991E-03
 0.23931240E-03   -0.28682395E-03   -0.33731397E-04    0.58097382E-04    0.29151466E-04
 0.20046937E-04   -0.11782059E-04    0.10425989E-03   -0.58785144E-04   -0.98964547E-04
-0.11427358E-03   -0.72034214E-04    0.77441691E-04    0.10607999E-03    0.21187502E-04
-0.28269164E-05    0.19230905E-04   -0.26799963E-03    0.47891843E-04    0.46811771E-05
 0.22624180E-04   -0.11946659E-03   -0.19085989E-05    0.23241281E-04   -0.89800754E-04
 0.17315658E-05   -0.38298809E-05   -0.83526020E-04   -0.19408152E-04   -0.11887626E-03
 0.12702623E-03    0.77775942E-03   -0.89776899E-03    0.99001167E-03   -0.27321664E-02
 0.98960030E-04    0.13079247E-04   -0.10635908E-02   -0.29712012E-03   -0.30696684E-03
 0.20636738E-02    0.32916545E-03   -0.18356398E-03   -0.11172849E-04    0.47476867E-03
-0.22015362E-02   -0.11249688E-03    0.96539258E-06   -0.11966379E-02    0.12498937E-02
 0.75918809E-04   -0.68559414E-03    0.15834464E-02    0.52581362E-03    0.63464228E-02
 0.15381852E-03    0.33336488E-03    0.14010216E-03    0.42800864E-03   -0.77499762E-04
 0.42713413E-04   -0.15672902E-03    0.69013412E-04   -0.26595863E-04    0.87960150E-05
 0.14970872E-04    0.38564045E-04    0.31915946E-04   -0.15567090E-04    0.87046408E-04
 0.89863592E-04    0.41620005E-04   -0.31219638E-04    0.49482332E-04    0.12871840E-04
-0.10927110E-03    0.10323687E-03    0.10264715E-03   -0.13616486E-03    0.12730151E-03
 0.91460840E-04    0.12668607E-03    0.15985245E-04    0.45016140E-04   -0.26734320E-04
 0.33402591E-04    0.76506199E-04    0.55815958E-04   -0.88979654E-04    0.31086450E-04
-0.13023792E-03    0.56321887E-03   -0.72584262E-03    0.90259809E-03   -0.23587894E-02
-0.10723307E-03    0.29442216E-03   -0.18992613E-03   -0.14155346E-02    0.40740289E-03
 0.94384116E-04    0.17062622E-02   -0.15785717E-03    0.63900191E-04   -0.17393047E-03
 0.73955626E-04   -0.23007599E-02    0.18981128E-03   -0.13792139E-02    0.19256509E-02
-0.51986211E-03    0.62089977E-03   -0.18073772E-02    0.23096001E-03    0.19510191E-03
 0.59914606E-02   -0.25762926E-03    0.29101631E-03   -0.46177192E-05   -0.84802695E-03
-0.18106679E-03   -0.24341189E-03    0.57368882E-04    0.57024087E-04   -0.20057985E-04
-0.43549317E-05   -0.53250416E-04    0.14810392E-03   -0.63664158E-05   -0.36304378E-05
 0.64203605E-04   -0.95001719E-06   -0.53506410E-04    0.11392356E-03   -0.46437731E-04
-0.17122150E-04    0.44104043E-04   -0.29860728E-03    0.90829164E-04    0.30341032E-03
 0.66134696E-05   -0.65555582E-04   -0.22586381E-03    0.23639028E-04    0.19215884E-04
 0.43275984E-04   -0.58988482E-04   -0.38971347E-04    0.14033661E-04    0.13433990E-04
-0.44824640E-04    0.52640124E-05    0.24460435E-03   -0.75350327E-03    0.77670035E-03
-0.23199405E-02    0.59799664E-04   -0.29205620E-03    0.89907730E-04    0.53000767E-03
-0.15680466E-02    0.10160279E-03   -0.34708058E-03    0.22294522E-02   -0.88145960E-03
 0.50715107E-03   -0.88907362E-04    0.32521773E-04   -0.24285888E-02    0.42700753E-02
-0.46726579E-02    0.19281016E-02   -0.21326374E-02    0.28411401E-02    0.72596173E-03
 0.19791852E-03   -0.52582644E-03    0.66824223E-02   -0.42678854E-04    0.23572497E-04
 0.17034083E-04    0.65371071E-03    0.21425121E-03    0.36350224E-03    0.42851984E-04
-0.51365577E-04    0.32036649E-05   -0.27408671E-04    0.80354568E-04    0.41688129E-05
 0.94504107E-05   -0.26856818E-05    0.50255638E-04   -0.48023644E-05   -0.11442318E-04
 0.35816473E-04    0.62263100E-04    0.97334448E-04   -0.20724568E-04    0.80124098E-04
-0.10868739E-03   -0.30556032E-03    0.25106957E-04    0.97525504E-05    0.68125151E-04
 0.20219459E-05    0.13990536E-04    0.62106899E-05    0.39645374E-05    0.62048262E-04
-0.50147328E-04   -0.53272716E-04   -0.25346507E-04    0.39003407E-04   -0.41600678E-03
 0.45889487E-04   -0.72752802E-04    0.10095826E-03   -0.16310360E-02    0.63341555E-03
 0.96935124E-03    0.10655386E-04    0.24277449E-03   -0.53889319E-04    0.54746572E-05
-0.65457460E-04    0.16922842E-04   -0.60212394E-04   -0.15492611E-03   -0.93425490E-04
 0.10313894E-03    0.38357445E-03   -0.50472266E-03    0.26645629E-03   -0.38230127E-03
-0.21643587E-04   -0.19431741E-03    0.29931957E-03   -0.35401456E-04   -0.75171393E-04
 0.37299810E-02    0.15020246E-03    0.12632500E-03   -0.23648497E-05    0.22633039E-03
 0.32207192E-03   -0.15549860E-03   -0.29266810E-04    0.12244660E-04   -0.53005276E-04
 0.12386793E-03    0.53918701E-04    0.32022711E-05   -0.48331373E-04    0.46106421E-04
 0.11137246E-03    0.47423209E-04   -0.24501263E-05   -0.40942678E-04   -0.43968768E-04
 0.59036902E-04    0.37509679E-04   -0.16407594E-04    0.87683795E-04   -0.32936183E-04
 0.14361987E-04   -0.24498788E-04    0.10671059E-04   -0.55759313E-04   -0.15177473E-05
-0.35493423E-04    0.44182164E-04    0.57710654E-04   -0.73375390E-05    0.35076776E-04
 0.34374454E-04    0.12761185E-03   -0.17477580E-03   -0.60413988E-04    0.10067571E-03
 0.17033566E-04   -0.13523244E-02    0.42687687E-03   -0.12523154E-03    0.92329063E-03
 0.20278797E-04    0.76254539E-04    0.19317597E-03   -0.13304218E-03    0.54672542E-04
 0.48774932E-04   -0.86914719E-04   -0.10871993E-03   -0.75876384E-04   -0.23299030E-03
 0.10780125E-03   -0.18010010E-03    0.11342622E-03   -0.60804358E-03    0.42345908E-03
-0.10284844E-03    0.28028778E-03   -0.10651255E-03    0.87450719E-05    0.35696035E-02
 0.48750823E-04    0.43265022E-04    0.75863087E-04   -0.66051672E-03   -0.96724337E-03
-0.47445937E-03    0.12710295E-03   -0.45599767E-04    0.44746564E-04    0.15168311E-04
 0.39239833E-04    0.11495270E-04   -0.11631419E-03   -0.20219392E-04   -0.72726442E-04
-0.35807112E-04   -0.81764156E-04   -0.71211492E-04   -0.60894094E-05    0.65416095E-04
-0.43549672E-04    0.15928814E-04   -0.19965784E-04    0.38537356E-03   -0.20678730E-04
-0.13354215E-04   -0.69983598E-04   -0.24540426E-04    0.63527557E-04    0.59567268E-04
-0.41996844E-04   -0.16889324E-04    0.35298611E-04    0.21137238E-04    0.63971702E-04
-0.14655630E-03   -0.41852566E-03    0.46447557E-04   -0.96648916E-04    0.16209250E-03
-0.15314473E-02    0.59322146E-03    0.27474457E-03   -0.86598338E-04    0.10279265E-02
 0.36561840E-04    0.16486170E-04   -0.52166914E-04   -0.26940149E-03    0.45292423E-03
 0.28740803E-03   -0.82640929E-04    0.86105689E-05    0.79888408E-03   -0.10622641E-02
-0.11663106E-04   -0.49668140E-03    0.13182003E-03   -0.75537404E-04   -0.22194972E-03
 0.62238456E-05    0.26110081E-03    0.18578117E-03    0.18522139E-03    0.37166651E-02
-0.25070748E-05   -0.75310294E-04   -0.34423643E-04   -0.97521624E-03   -0.18375896E-03
-0.58973223E-03    0.39414779E-04    0.48719108E-04   -0.46057830E-04    0.15238858E-04
-0.11513512E-03    0.26900623E-04    0.28391439E-04   -0.19707668E-04   -0.22747151E-04
 0.46757936E-04    0.43134346E-04   -0.55040805E-05    0.67752565E-04   -0.64423494E-04
 0.15946528E-04   -0.13388454E-03    0.61265479E-04    0.40830705E-03    0.42476512E-04
-0.80538389E-04   -0.41541898E-04   -0.10822621E-04   -0.38242041E-04   -0.48478593E-04
 0.21724140E-04    0.40138235E-05    0.14451038E-03    0.34026193E-04   -0.43548781E-04
-0.20950881E-03    0.17413902E-03   -0.30941001E-03   -0.11614174E-03    0.17293727E-04
 0.50744453E-03   -0.14192836E-02   -0.14947822E-03   -0.33456673E-05   -0.13403364E-03
 0.23399982E-03    0.16504162E-04    0.24531325E-03   -0.22624117E-03    0.11045367E-03
 0.31896452E-03   -0.28584098E-04    0.17147621E-03    0.77418425E-03   -0.52870046E-03
 0.58012245E-03   -0.19384093E-03    0.75964585E-03   -0.24845199E-04   -0.54958567E-03
 0.12372660E-03    0.17869702E-04   -0.14494490E-02    0.79310982E-04    0.36687327E-05
 0.33506068E-02   -0.15214389E-04    0.18412269E-05    0.22723079E-05   -0.19163593E-03
-0.14929028E-03    0.11502000E-03    0.37814966E-04   -0.19881903E-04    0.21272984E-05
-0.21509355E-04   -0.41994770E-04    0.24765117E-04    0.77545642E-04   -0.36188932E-04
-0.98688241E-04   -0.41939873E-04    0.10269493E-04    0.38898076E-04   -0.33321884E-05
-0.46404393E-05    0.45612179E-07   -0.37153625E-04   -0.60785466E-04    0.38079562E-04
 0.30939953E-04   -0.73713042E-05   -0.67774447E-04    0.11165698E-04   -0.11322961E-04
-0.35184269E-04   -0.33882384E-04   -0.11917228E-03   -0.94608364E-04   -0.35955083E-04
-0.26640928E-04    0.55701905E-04   -0.14597990E-04    0.19546302E-04    0.28857395E-04
 0.60311511E-05    0.54867480E-03   -0.12936535E-02    0.18372219E-04   -0.97545794E-04
-0.91809669E-04    0.22536519E-04    0.18938423E-03   -0.60061632E-04   -0.98407100E-04
-0.21517384E-05   -0.60965500E-04    0.25686215E-03   -0.10915359E-03    0.52203011E-03
-0.45482027E-03    0.40728282E-03   -0.27268451E-03    0.33467849E-03    0.10441906E-03
 0.22434631E-03   -0.56673973E-03    0.26610881E-03   -0.12215935E-03   -0.13508670E-02
-0.16948258E-03    0.43279444E-04    0.35314009E-02   -0.32419677E-04    0.24746903E-04
-0.74291901E-04    0.15215308E-02    0.20822176E-02    0.10408516E-02   -0.11201795E-03
 0.27719987E-05    0.18864803E-04   -0.76297892E-04    0.13905147E-04    0.10454955E-04
 0.13870473E-03   -0.17606394E-04    0.43419624E-04    0.43728265E-04   -0.80158219E-04
 0.29959887E-04    0.49869702E-05    0.83171761E-05    0.14858291E-04   -0.13037824E-03
-0.32685394E-04   -0.82671444E-03    0.68299979E-05    0.31742914E-04    0.61205078E-04
 0.35675126E-04   -0.65405198E-04   -0.11480389E-03    0.55613386E-04    0.45667264E-04
 0.75418459E-05   -0.21289193E-04    0.56207040E-04    0.35820547E-03    0.70642303E-04
-0.24069368E-03   -0.15528550E-03    0.46631455E-04    0.38505204E-03   -0.11490803E-02
-0.10447071E-03   -0.56298678E-04   -0.20731304E-03    0.16490535E-03   -0.19192370E-03
 0.54339162E-03    0.25320734E-04   -0.24998281E-03    0.87031555E-04    0.11326928E-03
-0.10844936E-03   -0.36785954E-03    0.94393077E-03    0.33476723E-04    0.61155074E-04
 0.41195506E-03   -0.40951275E-04    0.27075843E-04   -0.16451635E-03   -0.33941639E-04
 0.14317899E-03   -0.96102515E-04   -0.16796157E-02   -0.12759854E-03   -0.24787261E-03
 0.38342541E-02    0.15619473E-03    0.14508083E-04    0.63137385E-04    0.30089507E-03
 0.22777340E-03    0.18462479E-03   -0.60092932E-03   -0.32550158E-04    0.12638763E-04
-0.83175963E-04    0.54443271E-04    0.11840387E-03    0.32793717E-04   -0.50972234E-05
 0.32770054E-04   -0.31893897E-04    0.69290399E-05   -0.12655975E-04   -0.24182861E-04
 0.60456359E-04   -0.17285712E-04    0.52938982E-04   -0.19473258E-04   -0.47835958E-04
-0.18826716E-04    0.85469156E-05   -0.83504746E-05    0.43045943E-04   -0.12431115E-04
 0.43080730E-04   -0.16326777E-04    0.38104191E-04   -0.15347958E-04    0.53686425E-04
-0.83774341E-05    0.96567168E-04    0.14191424E-03    0.42600181E-04    0.20233546E-04
-0.71108050E-04    0.62185541E-04    0.11431022E-03   -0.23650816E-03    0.23876698E-03
-0.14207405E-03   -0.95555331E-05   -0.18730341E-05   -0.90351141E-04    0.88225819E-03
-0.21287556E-03   -0.15987480E-03    0.90367371E-04   -0.10254995E-05   -0.35975668E-02
 0.33031954E-02   -0.11247548E-02    0.83196889E-03   -0.85858486E-03    0.23781358E-03
 0.35737513E-03   -0.20625046E-04   -0.20086387E-03   -0.31877972E-04    0.16545578E-03
-0.12978408E-03   -0.11939026E-03   -0.90575331E-04   -0.26446140E-04    0.18010901E-02
-0.90775437E-03   -0.74445376E-03   -0.79320942E-03   -0.41924248E-03   -0.41777526E-03
-0.26610628E-04    0.93390206E-03    0.28342951E-04    0.97343137E-05    0.18968609E-03
-0.13865985E-03   -0.84038069E-04    0.30770278E-04    0.48975869E-04   -0.32039360E-04
-0.29498071E-04   -0.32158296E-04   -0.21102806E-04   -0.93951556E-05   -0.36692008E-04
 0.47806146E-05    0.12673121E-03    0.43416010E-05    0.26133719E-03   -0.12314673E-04
-0.39464196E-04   -0.46764678E-04    0.13173110E-04   -0.30947421E-05    0.45867446E-04
-0.27397986E-05   -0.57829722E-04   -0.51829632E-04    0.44913128E-05   -0.21682948E-04
-0.58192374E-04   -0.11640768E-04    0.43030056E-04    0.45665836E-04    0.71388799E-04
-0.36467742E-04   -0.78786321E-04    0.17226893E-03   -0.59815090E-04    0.29225028E-04
-0.23201056E-03   -0.31727997E-04    0.75682796E-04   -0.43333300E-03    0.13670848E-03
 0.92441220E-04    0.67681900E-04   -0.95138826E-04    0.43760676E-02   -0.48818069E-02
 0.15955810E-02   -0.87554584E-03    0.90220710E-03   -0.13599313E-03   -0.52975471E-03
-0.42544778E-03    0.24737067E-03    0.70373351E-04   -0.35622718E-04    0.19895922E-03
-0.22340593E-04    0.43439637E-04   -0.10721479E-03   -0.74284370E-03    0.17375429E-02
-0.71148187E-04   -0.10318643E-03   -0.13623587E-02    0.57467199E-03    0.36603234E-03
 0.45872461E-03   -0.85487438E-03   -0.69762437E-04    0.27668141E-05    0.22656355E-03
-0.34812456E-03    0.26053340E-03    0.14100792E-03   -0.39611124E-04    0.49532951E-04
 0.42097068E-04    0.52447434E-05   -0.22110155E-04    0.58913800E-05    0.32824900E-04
-0.48176881E-04    0.28895626E-03   -0.18122119E-04   -0.18939649E-03    0.18110646E-04
 0.28308732E-04    0.74089671E-04    0.22823895E-04   -0.16038072E-04    0.47666814E-04
 0.34160765E-04    0.37816257E-04   -0.13309176E-04    0.74225899E-06   -0.14881355E-04
 0.11774900E-03    0.15392173E-03   -0.31858999E-03    0.37221196E-04   -0.33149357E-03
 0.79972230E-04   -0.41595691E-04   -0.13049245E-03    0.51169306E-04   -0.41368614E-04
 0.24122281E-03   -0.15577529E-04    0.40739153E-03    0.91540646E-04   -0.47492102E-03
 0.81735505E-04   -0.30041027E-04    0.33618978E-04   -0.35602165E-02    0.59075537E-02
-0.81369956E-03    0.13724839E-02   -0.22896152E-02   -0.71416190E-03    0.33785249E-03
 0.23932457E-03   -0.20518845E-03   -0.93766812E-04   -0.17773239E-04   -0.30401128E-03
 0.20749211E-04   -0.79767505E-04    0.44704035E-03    0.55139162E-03   -0.87454910E-03
 0.27819044E-02   -0.62720639E-03   -0.10318297E-03   -0.12962472E-02   -0.47769156E-03
-0.26399647E-03   -0.15257236E-03    0.44511222E-03    0.24486363E-04   -0.62034708E-04
 0.31725998E-03   -0.21828430E-03    0.59231658E-03    0.10968083E-03   -0.81947101E-05
 0.88855776E-04    0.23543777E-04   -0.32730254E-04    0.22536836E-04   -0.14552626E-04
 0.70842835E-04   -0.76147860E-06    0.38204612E-04    0.12417907E-03    0.24555014E-03
-0.16571689E-05   -0.53384324E-05   -0.76756368E-04    0.39393601E-04   -0.10874087E-04
-0.39450515E-04    0.35190570E-05   -0.37916721E-04    0.15861092E-04    0.11406585E-04
-0.44898425E-05   -0.22632639E-04    0.13779498E-03   -0.31476850E-03    0.19225154E-03
-0.26674586E-03   -0.49799759E-04    0.15671285E-04   -0.50268695E-04   -0.15474031E-04
-0.15043686E-03    0.20124641E-03    0.17025242E-05    0.46702752E-03   -0.17034684E-02
 0.28530538E-03    0.61880879E-04   -0.10275893E-03   -0.41675683E-03    0.68114959E-02
-0.74181613E-02    0.41108238E-02   -0.17038529E-02    0.91560407E-03    0.15479361E-03
-0.44252970E-04   -0.64808666E-04    0.65906460E-03   -0.45300129E-04    0.73537738E-04
 0.85893200E-04    0.87087019E-04   -0.62525261E-04   -0.51352466E-04   -0.33984153E-03
 0.59162721E-03    0.10579858E-03    0.19969410E-02    0.91762255E-04   -0.86372306E-04
 0.59267022E-03    0.23121483E-03    0.48525755E-04    0.12717076E-03   -0.10621109E-03
-0.53487768E-04    0.54391046E-04   -0.17894230E-03    0.98499931E-04   -0.31859477E-03
-0.41149816E-03    0.20521819E-06   -0.62762612E-04   -0.46300906E-04    0.18344355E-04
-0.24458401E-04    0.39610918E-04   -0.33184775E-04   -0.36676816E-04    0.32514593E-04
 0.10953620E-04   -0.18416050E-03    0.17322212E-04    0.12580544E-04    0.19625512E-04
-0.91890450E-05   -0.29365967E-04    0.44529439E-05    0.49708849E-05    0.17806896E-04
-0.39327721E-04   -0.24331377E-04    0.52355238E-04    0.60543855E-04   -0.25578390E-04
 0.25219962E-03   -0.16434124E-03    0.13998968E-03    0.10662115E-03    0.78967453E-05
 0.27988074E-04    0.57159752E-05   -0.20358241E-04   -0.16871031E-03   -0.93411593E-04
-0.19332089E-03    0.96918609E-03   -0.38277057E-03    0.15755090E-04    0.30223346E-04
 0.30660330E-03   -0.35806550E-02    0.32954608E-02   -0.34441198E-02    0.11081856E-02
-0.74629572E-03    0.57324178E-04   -0.33138418E-03    0.60381058E-04   -0.23947264E-03
-0.10180055E-03   -0.13776433E-04    0.88783735E-05   -0.13592115E-03   -0.80198544E-05
-0.30182674E-05    0.13394419E-04   -0.96140547E-04   -0.25422177E-03   -0.71844705E-03
 0.20485775E-02    0.71288929E-03   -0.19944829E-03    0.10860907E-02    0.91548186E-03
-0.14830970E-03    0.25987692E-04   -0.46064302E-03   -0.22832069E-03    0.83075388E-04
-0.26401663E-03    0.19891311E-03   -0.89233033E-03   -0.96838561E-03    0.41811438E-04
 0.13843211E-04   -0.58890087E-04    0.75901008E-04   -0.10970504E-03    0.14848383E-04
-0.18231819E-03   -0.67028899E-03    0.28549012E-03   -0.59590199E-05   -0.40306840E-03
-0.44697024E-04    0.86978651E-04    0.13423810E-03    0.24579834E-04   -0.82508390E-04
 0.13720969E-03    0.14984731E-03    0.87983192E-04   -0.11166468E-03   -0.19332807E-04
 0.96659222E-04    0.23171375E-04   -0.10895756E-03    0.25244448E-03   -0.12290240E-03
 0.28905359E-03    0.94410286E-04    0.38383696E-03    0.20169043E-04    0.84839507E-04
 0.49008112E-04   -0.21113105E-03    0.14357319E-03   -0.66051644E-03    0.25131096E-02
-0.83747303E-03   -0.17703716E-03    0.40273332E-03    0.48518478E-03   -0.16224823E-01
 0.17627888E-01   -0.10309333E-01    0.54672936E-02   -0.45981344E-02   -0.10584631E-03
-0.37739223E-03    0.20888466E-03   -0.13852626E-02   -0.34639586E-03    0.17623007E-03
-0.38836037E-04   -0.28784556E-03   -0.54492700E-03   -0.13814770E-03    0.52075556E-03
-0.74806064E-03    0.40768358E-03   -0.21898803E-02    0.16445342E-02    0.93904403E-02
 0.47776470E-03    0.32831021E-03    0.99743959E-03   -0.68165818E-03    0.26265199E-03
-0.90928975E-03   -0.16007727E-03    0.49463498E-04    0.10001275E-04   -0.23331244E-03
 0.15481336E-03   -0.85526554E-04   -0.24578190E-04   -0.26381804E-04    0.18554497E-04
 0.37948147E-06    0.19083692E-04   -0.86517622E-05   -0.15317997E-04    0.39393981E-04
 0.45831752E-04   -0.79923768E-03    0.56454651E-04    0.72040603E-04   -0.16966831E-04
-0.92399515E-04   -0.62540753E-04    0.35598107E-04   -0.14425744E-04    0.47237219E-04
-0.51728430E-04    0.42417317E-06    0.15861124E-03   -0.48880386E-04   -0.18390516E-04
-0.18214706E-03   -0.96978860E-04    0.27015205E-03   -0.12566151E-05    0.29725446E-03
-0.12170893E-03   -0.50856665E-04    0.13144096E-03    0.19544158E-03   -0.10416475E-03
-0.75397005E-04   -0.12553060E-03   -0.67710003E-04   -0.37119008E-03    0.85648526E-03
 0.86386613E-04   -0.10263038E-03   -0.21151258E-03    0.17404328E-02   -0.21250090E-02
 0.57052883E-03   -0.16830994E-02    0.26089426E-02   -0.71922762E-05   -0.92576319E-04
-0.10605589E-03    0.47793703E-03   -0.30397233E-04    0.11687639E-03    0.20228221E-03
 0.10682081E-03    0.17832776E-04   -0.46291635E-04    0.21286682E-03   -0.64666514E-04
-0.45563543E-03    0.15029314E-04   -0.11161513E-03   -0.37316791E-03    0.16373456E-02
-0.57315570E-03   -0.40052873E-03   -0.15349880E-02    0.32389521E-03   -0.27619707E-03
 0.89193072E-03    0.17197984E-03   -0.43775176E-04   -0.10762167E-05    0.36760688E-03
-0.32053849E-03    0.11347193E-03    0.46809132E-04    0.23301971E-04    0.25297931E-04
-0.25030346E-04   -0.48991739E-04   -0.27981414E-04    0.11108218E-04    0.79218183E-05
-0.17466947E-05    0.93976753E-03    0.10159845E-05    0.19488777E-03    0.73912534E-05
 0.51282533E-04    0.27210487E-04   -0.35476462E-05    0.58273422E-05    0.15017569E-04
 0.39627213E-04   -0.25649416E-04   -0.22644644E-03    0.92604145E-04    0.11196874E-04
 0.20466776E-03    0.19614981E-03   -0.29854263E-03    0.42076461E-04   -0.37427030E-03
-0.52468888E-04    0.20437835E-04   -0.15285286E-03   -0.34689074E-05    0.12396583E-04
 0.20639655E-04    0.12321816E-03    0.95616861E-04    0.28551201E-03   -0.63815980E-03
-0.22100060E-04    0.13072485E-03    0.93850842E-04   -0.14924991E-02    0.20692848E-02
-0.33111952E-03    0.18467630E-02   -0.30507843E-02   -0.38743366E-03   -0.15421545E-03
 0.46363872E-04   -0.41201165E-03    0.67342866E-04    0.65091401E-04   -0.15406912E-04
 0.54072390E-04   -0.29058091E-04   -0.10577278E-03    0.69536435E-04    0.33158004E-03
 0.49762527E-03    0.52831101E-04   -0.72995314E-04    0.22936522E-03   -0.95657843E-03
 0.17952604E-02    0.24433648E-03   -0.15019331E-05    0.16262443E-03    0.11653605E-02
 0.46825873E-03   -0.23042945E-03   -0.10680438E-03   -0.41280539E-04    0.74720398E-04
-0.83581353E-04    0.24454352E-04    0.42898005E-04    0.89181727E-05    0.33340686E-04
 0.19703567E-04   -0.54982147E-04    0.74873636E-05   -0.31603470E-04    0.73507926E-05
 0.62636986E-04    0.18162925E-04   -0.52517811E-04   -0.23702156E-04   -0.11415488E-02
 0.53851265E-04    0.81551400E-05    0.18863506E-03    0.48880530E-05   -0.40974640E-05
 0.53248250E-04    0.28115484E-04    0.43935914E-04    0.74861764E-04    0.90108660E-05
-0.40311161E-05   -0.76473230E-04   -0.12055320E-03    0.15373145E-03   -0.11913197E-03
 0.24293211E-03   -0.15609212E-03    0.46719877E-04   -0.14960594E-04    0.42925274E-04
 0.83205329E-04    0.62242920E-04    0.11366842E-05   -0.26372343E-03    0.27928523E-03
-0.21245211E-03   -0.77764773E-05    0.40091938E-04    0.57822858E-04   -0.71498785E-03
 0.61352183E-03   -0.45595431E-03    0.39487013E-03   -0.11097843E-02   -0.45201043E-03
-0.30011778E-03    0.88263349E-04   -0.37307273E-03    0.27529796E-03    0.39965697E-04
-0.39185763E-04   -0.38304259E-03   -0.28485471E-04    0.43692662E-03    0.11660478E-03
-0.72554087E-04   -0.44222196E-04   -0.17105919E-03    0.14365944E-03    0.45103486E-03
 0.36049402E-03   -0.42545901E-04    0.25006194E-02   -0.51163186E-03   -0.40003382E-03
-0.12971115E-02    0.10301558E-02   -0.53259475E-03    0.12440851E-02    0.92866445E-04
-0.75041808E-04    0.74609042E-05    0.29978699E-03   -0.19168860E-03    0.12957098E-03
 0.49764340E-04    0.46310689E-04    0.14920624E-04   -0.39417844E-04   -0.26553950E-04
-0.19777067E-04    0.18734433E-05   -0.68308508E-05   -0.25201239E-04    0.10756880E-02
-0.54658158E-04    0.33469098E-04   -0.28911745E-04    0.94794901E-04    0.93142264E-04
-0.26720143E-04   -0.68873897E-05    0.95436193E-05    0.80865136E-04    0.74794131E-05
-0.26069932E-03    0.10006576E-03    0.65446932E-04    0.28009828E-03    0.20011364E-03
-0.22296673E-03    0.84296943E-04   -0.30668553E-03    0.13416609E-04    0.17505437E-03
-0.13975524E-03   -0.21835615E-03    0.49631224E-04    0.24520068E-04    0.14826615E-03
-0.13735035E-04    0.55636906E-03   -0.72762171E-03   -0.16176101E-03    0.11534917E-03
 0.10204172E-03   -0.25291362E-02    0.30006474E-02   -0.86815436E-03    0.18033158E-02
-0.41832547E-02    0.14625775E-03    0.10562427E-03    0.11158370E-03   -0.59906850E-03
 0.12517048E-03   -0.11386205E-03   -0.47398784E-04   -0.27556166E-03    0.53132399E-04
-0.17670544E-03    0.13798290E-03    0.13712671E-03    0.54991497E-03   -0.74993682E-04
 0.55108449E-04    0.51510878E-03   -0.13022532E-02    0.11156370E-02   -0.14987912E-03
 0.20524533E-02    0.51440523E-03    0.28826488E-03    0.16851616E-02   -0.94303262E-03
 0.21978870E-03   -0.13521829E-02   -0.72151452E-04    0.95946605E-04    0.40515982E-04
-0.39193974E-03    0.29362831E-03   -0.20037392E-03   -0.27420661E-04   -0.87579917E-05
-0.32769255E-04    0.65360443E-04    0.30250289E-04    0.27265080E-05    0.59913348E-04
-0.18239292E-04   -0.17915893E-04   -0.11986388E-02    0.34874971E-04   -0.78794337E-04
 0.56236351E-04   -0.85528036E-04   -0.54411197E-04    0.21109466E-04   -0.32369121E-06
 0.53254883E-05   -0.10300838E-03   -0.14039805E-05    0.29161125E-03   -0.21102853E-03
-0.58904442E-04   -0.36900643E-03   -0.22567060E-03    0.28667417E-03    0.70377405E-05
 0.28828558E-03    0.97253593E-04   -0.11420406E-03    0.20391609E-03    0.79465096E-04
-0.10682442E-03   -0.10295902E-03   -0.12951586E-03   -0.80536731E-05   -0.42059609E-03
 0.74471328E-03    0.12769786E-03   -0.26202508E-03   -0.10673153E-03    0.26975415E-02
-0.35277305E-02    0.94661025E-03   -0.20282591E-02    0.46642908E-02    0.79112092E-04
 0.46336834E-04   -0.62436809E-04    0.68656902E-03   -0.43594564E-04   -0.55587538E-04
-0.44083522E-04    0.17643150E-03   -0.11549504E-03    0.18340681E-03   -0.20234331E-03
-0.31344137E-04   -0.56128001E-03    0.11234830E-03   -0.31958235E-04   -0.50792503E-03
 0.10416942E-02   -0.14799772E-02   -0.73018038E-04   -0.15161698E-02    0.23673904E-02
-0.13050596E-03   -0.85683721E-04   -0.62397467E-03    0.90111142E-03    0.50798038E-03
 0.10963372E-02   -0.59419847E-04   -0.44846123E-04    0.44359895E-05    0.20125947E-03
-0.10079146E-03    0.16001471E-03    0.81171632E-04    0.19354302E-04    0.50089876E-04
-0.28811981E-04   -0.18256209E-04   -0.37121649E-05   -0.46006143E-05    0.91519949E-06
-0.12942031E-04    0.44196751E-03    0.30470173E-03   -0.34116219E-03    0.75840480E-05
 0.74017882E-04    0.10606396E-03    0.14509357E-06   -0.25136352E-04   -0.72795992E-05
 0.51837403E-04    0.42212124E-04   -0.17681841E-03    0.32263860E-04    0.87894723E-04
 0.31528854E-03    0.12140853E-03   -0.99613060E-04   -0.30313294E-04   -0.56146376E-04
 0.22769287E-04    0.15517019E-03   -0.19405299E-03    0.25204246E-04   -0.12269426E-04
 0.32268452E-04   -0.10954492E-04    0.81345703E-04    0.28735835E-03   -0.10100479E-02
 0.10835882E-03   -0.27710536E-04   -0.75524797E-04   -0.14309725E-02    0.16777639E-02
-0.56788749E-03    0.14333493E-02   -0.38153006E-02    0.27788121E-04   -0.24352123E-03
 0.27236442E-03   -0.23577542E-03    0.64698544E-04    0.11637759E-03   -0.18930348E-03
-0.31186594E-03   -0.90716018E-04    0.17915523E-03    0.10721662E-03   -0.89619126E-04
 0.39965804E-03    0.10208120E-03    0.16118486E-03    0.30878435E-03   -0.42602345E-03
 0.43379907E-03    0.22524723E-03    0.62386019E-03   -0.59516169E-03    0.12850696E-02
-0.27342252E-03   -0.52056069E-04   -0.30523678E-03   -0.21738443E-02   -0.99397369E-03
 0.31232635E-03    0.12857546E-03    0.59956108E-04   -0.39108959E-04    0.14411485E-03
-0.13203316E-03   -0.28575510E-04    0.16224475E-04   -0.17408388E-04   -0.64276376E-04
 0.31598849E-04   -0.17635934E-04    0.11713441E-04   -0.58915236E-04    0.41442742E-05
 0.51354555E-04    0.13435580E-03    0.53643469E-04    0.18223780E-02   -0.74097220E-04
-0.18003073E-04   -0.26136312E-03    0.14939960E-04    0.36440577E-05   -0.41783495E-04
-0.32993297E-04   -0.91041184E-04   -0.16525672E-03   -0.36930346E-05    0.35739770E-04
 0.11468438E-03    0.18705502E-03   -0.49783513E-04    0.13531230E-03   -0.10415964E-03
 0.12910836E-03   -0.94839831E-04    0.15250841E-04   -0.11343156E-03   -0.15835861E-03
-0.75381698E-04   -0.81012025E-04    0.27885720E-03   -0.26147085E-03    0.28569458E-03
 0.80792617E-04   -0.84465975E-04   -0.82288114E-04    0.12234378E-02   -0.14500548E-02
 0.65036233E-03   -0.64540393E-03    0.17495019E-02    0.56819144E-03    0.78863945E-04
-0.16933526E-03    0.32364676E-03   -0.35244299E-03   -0.11844271E-03    0.29259500E-03
 0.53758270E-03    0.16715478E-03   -0.67051997E-03   -0.94696047E-04    0.19645322E-03
-0.42511344E-04    0.23246475E-03   -0.19842793E-03   -0.53212832E-03   -0.25752085E-04
 0.22743224E-03   -0.16993565E-02    0.18538887E-03   -0.54026355E-04   -0.30159580E-03
 0.25638012E-02    0.31734933E-03    0.19523059E-04    0.68550721E-03    0.11037736E-02
-0.85024600E-03   -0.33723819E-02   -0.13169690E-03    0.25905849E-05    0.52801066E-04
-0.21410138E-03    0.18336149E-03    0.69856928E-05   -0.64288588E-04    0.65540587E-05
 0.10381512E-03    0.10713602E-04    0.90568665E-04   -0.71836556E-04    0.90484321E-04
-0.30352115E-05   -0.69124882E-04   -0.39372462E-03   -0.26707696E-04   -0.20146401E-02
 0.11907685E-03   -0.61963550E-07    0.25644188E-03   -0.47596005E-04    0.48018544E-04
 0.77429883E-04    0.65649108E-04    0.12930323E-03    0.49046611E-03   -0.10153839E-03
-0.52473133E-04   -0.10179792E-02   -0.22019198E-03    0.17945822E-03   -0.12768776E-04
 0.61592345E-04   -0.13182799E-03    0.35194999E-04   -0.42541117E-05    0.17964812E-03
 0.22723994E-03   -0.10387550E-04    0.20626712E-04   -0.45323795E-03    0.76175037E-04
 0.45557721E-04   -0.25027854E-03    0.22519987E-03    0.25543616E-04   -0.98017344E-03
 0.96786521E-03   -0.59354824E-03    0.44472439E-03   -0.28323846E-02   -0.59535960E-03
-0.84325916E-04    0.12052737E-03   -0.17594627E-03    0.32444854E-03    0.12275354E-03
-0.17894793E-03   -0.23981701E-03   -0.11012256E-03    0.25039625E-03   -0.77242049E-04
-0.17382274E-03   -0.92746576E-04   -0.18152871E-03    0.16762636E-03    0.64593248E-03
 0.14164868E-03   -0.50488312E-03    0.14272666E-02   -0.26343681E-03    0.58521228E-03
-0.11895238E-04   -0.25339691E-02    0.51117570E-02
