 0.76932406E+00  0.65242916E+00  0.10359650E+01  0.65188909E+00  0.54925323E+00  0.57487679E+00  0.49155387E+00 -0.65174527E-01  0.64682704E+00 -0.46656597E-01
 0.58278984E+00 -0.61958965E-01  0.61196727E+00 -0.41683335E-01  0.64292693E+00  0.23707938E+00 -0.17647216E+00  0.22630301E+00 -0.71487725E-01 -0.11711865E+00
 0.32593342E-02 -0.35545833E-01  0.32725915E-01  0.10890860E+00 -0.35535589E-01 -0.38446378E-01 -0.24609955E-02  0.40091198E-01 -0.35175881E+00  0.31156607E-01
 0.16593538E-01 -0.69401850E-03 -0.39984312E-01  0.79564944E-01 -0.66512078E-01  0.30284027E-01 -0.10749088E+00  0.12723136E-01 -0.13331831E+00 -0.68301134E-01
 0.16535629E+00 -0.66982351E-01  0.10467120E-01  0.31432956E-01 -0.13092342E+00  0.11288639E+00 -0.28276116E-01 -0.36721595E-01 -0.48584588E-01  0.13004512E-01
 0.18578704E-02 -0.23333018E+00  0.97453212E-02 -0.90792187E-01  0.23478979E-01  0.30097010E-01  0.99185174E-02 -0.68219610E-01  0.17602740E+00  0.10788122E+00
 0.23451498E+00 -0.18676544E-01  0.34515479E+00  0.17524265E+00 -0.13428208E+00  0.30749250E-01 -0.55076457E-02 -0.38677892E+00 -0.38058791E-01 -0.23068605E+00
-0.60778603E-01 -0.17762288E+00 -0.55749707E-01  0.24026984E+00  0.14438178E-01  0.49128714E-02 -0.38217284E-01  0.15031454E+00 -0.14542735E+00 -0.61299663E-01
-0.45868019E-02  0.10231266E+00  0.45885077E+00 -0.96042380E-01 -0.18643156E+00  0.18121015E-01  0.44468947E-01  0.79512425E-01  0.48055619E-01 -0.26431428E-01
 0.12451851E+00 -0.13537431E-01 -0.32906312E+00  0.20057870E+00  0.52760911E+00  0.84844269E-01  0.73613107E-01 -0.10616640E-01  0.10354059E+00  0.19079953E+00
-0.21057509E+00  0.22790289E-01 -0.16954888E-01  0.40921606E-01 -0.75712502E-01  0.34219235E+00  0.54511383E-01  0.30926215E-01 -0.19315846E+00 -0.49808255E+00
 0.12317093E-01  0.26926285E+00  0.57946235E-01  0.98045863E-01 -0.14568716E+00  0.12922520E-01  0.13611971E+00 -0.14499466E+00  0.11644554E-01 -0.76780625E-01
 0.72841391E-01  0.55428930E-01  0.23062913E-01  0.20492114E+00 -0.22607604E-01  0.19739677E+00 -0.34280844E-01  0.72991043E+00 -0.27711328E-01  0.56258136E+00
 0.93216985E-01  0.10961401E+00  0.18390033E+00  0.25175719E-01  0.24539834E-01  0.62086113E-01  0.38033258E-01  0.17484847E-01  0.27169563E-01  0.18641422E-01
 0.30440861E-01  0.33852085E-01  0.41679002E-01  0.31117553E-01  0.64574592E-01  0.15978974E+00  0.12209344E+00  0.10964350E+00  0.54168046E+00  0.12908864E+00
 0.45509491E-01  0.69751032E-01  0.64629152E-01  0.59969738E-01  0.73924392E-01  0.33736676E-01  0.76265456E-02  0.72189964E-01  0.31286365E+00  0.91792636E-01
 0.24641827E-01  0.25324255E-01  0.61549094E-01  0.67960948E-01  0.62752225E-01  0.76428309E-01  0.65851435E-01  0.64327098E-01  0.80961272E-01  0.63917525E-01
 0.76754943E-01  0.30725418E-01  0.65406770E-02  0.97511925E-01  0.33136062E-01  0.53169444E-01  0.49099777E-01  0.47129452E-01  0.56909278E-01  0.24050938E-01
 0.56292741E-02  0.54954547E-01  0.19970596E+00  0.62696636E-01  0.18355558E-01  0.22207020E-01  0.48205372E-01  0.49763516E-01  0.47375415E-01  0.55900279E-01
 0.49124487E-01  0.47487210E-01  0.63458197E-01  0.48061699E-01  0.60584199E-01  0.18358363E-01  0.50781849E-02  0.17377578E+00  0.43815143E-01  0.39444234E-01
 0.44999182E-01  0.42751081E-01  0.42011235E-01  0.50170042E-01  0.21716671E-01  0.54404838E-02  0.62525302E-01  0.26375064E+00  0.61163776E-01  0.17573770E-01
 0.16685054E-01  0.40550087E-01  0.47650453E-01  0.49538247E-01  0.55776209E-01  0.57534222E-01  0.46668388E-01  0.82898624E-01  0.52309416E-01  0.56261659E-01
 0.23707259E-01  0.44174981E-02  0.16794158E+01  0.51433927E+00  0.35269359E+00  0.22663179E+00  0.12464037E+00  0.14351657E+00  0.12459365E+00  0.21379164E+00
 0.12551779E+00  0.84459864E-01  0.11566652E-01  0.20872006E+00  0.72462100E+00  0.16619144E+00  0.44522233E-01  0.36916632E-01  0.11435252E+00  0.26180992E+00
 0.21709733E+00  0.12377236E+00  0.30499184E+00  0.10502157E+00  0.40928575E+00  0.21548852E+00  0.35923406E+00  0.13880119E+00  0.21588549E-01  0.10371974E+00
 0.49822070E-01  0.12383439E+00  0.95042393E-01  0.75617559E-01  0.47835302E-01  0.37548207E-01  0.15566109E+00  0.83334304E-01  0.30549668E-01  0.35776567E-01
 0.13000000E+03 -0.24598331E+05  0.11854924E+01 -0.24469294E+05  0.11105467E+01  0.49456662E+05  0.50232814E+05  0.49819756E+05  0.24465012E+03  0.17500000E+03
 0.39846170E-03  0.10548727E+01  0.98221915E+00  0.97104262E+00  0.11727155E-01  0.79966625E-02  0.15065839E-01  0.10000000E+01  0.23455433E-01  0.25746460E-06
