 0.77482355E+00  0.69309670E+00  0.11226048E+01  0.68141860E+00  0.65462554E+00  0.54453570E+00  0.53186071E+00  0.50037080E+00  0.54645038E+00  0.63240016E+00
 0.57575834E+00  0.57990688E+00  0.60523206E+00 -0.12460198E+00  0.19315511E+00  0.24061996E+00 -0.70274360E-01 -0.14075671E+00  0.92101254E-01 -0.22800488E-01
-0.45270577E-01 -0.78113310E-01  0.86752269E-02 -0.96973334E-03 -0.24525301E+00  0.10614831E+00 -0.74793905E-01 -0.74260630E-01  0.10257458E-01  0.40960994E-01
 0.88685956E-02 -0.50279047E-01  0.17142706E+00  0.10903371E+00  0.24383308E+00 -0.10396216E-01  0.27889314E+00  0.15359975E+00 -0.10876209E+00  0.23862408E-01
-0.11196982E-02  0.24445325E-01 -0.22817064E-01  0.33284094E-01  0.11983789E+00 -0.14804362E-01 -0.28671648E-01  0.24925571E-03  0.53106301E-01  0.84501095E-02
-0.13600914E+00 -0.12063062E-02  0.16303193E-01 -0.21001654E-01 -0.25981706E-01  0.33981688E-01 -0.62753789E-01  0.46612833E-01 -0.12251536E+00 -0.13925770E-01
-0.10321544E+00 -0.55075090E-01  0.12791789E+00 -0.57289250E-01  0.62744734E-02 -0.42685658E+00 -0.22873494E+00 -0.58111012E-01 -0.17341621E+00 -0.66074587E-01
 0.23465273E+00 -0.24916995E-02  0.79268077E-02 -0.62161770E-01  0.10887904E+00  0.14416529E-01 -0.13163677E+00 -0.56832686E-01 -0.73724519E-02  0.90757161E-01
 0.48189989E+00 -0.81679396E-01 -0.20413448E+00  0.52391991E-01  0.64048432E-01  0.11350619E+00  0.46868015E-01 -0.32483354E-01  0.13110608E+00 -0.11582557E-01
 0.19937171E+00 -0.72254908E+00  0.42656022E+00  0.61428558E-01 -0.21305657E-02  0.11458153E+00  0.24546021E+00 -0.20226155E+00  0.37403427E-01 -0.17281430E-01
 0.90764455E-01 -0.16051333E+00  0.18439615E+00  0.26462185E+00  0.60077887E-01  0.16690377E-01 -0.19241089E+00 -0.43395919E+00 -0.33827618E-01  0.28080392E+00
-0.33710908E-01  0.64713195E-01 -0.20084579E+00 -0.23387998E-01  0.22370270E+00 -0.16222517E+00  0.11493471E-01  0.24396060E+00 -0.24976166E-01  0.12519428E+00
-0.12771674E-01  0.19719538E+00
 0.97977892E-01  0.12853239E+00  0.12965141E+00  0.68040967E-01  0.24927242E-01  0.23252849E-01  0.51757302E-01  0.37280232E-01  0.25341654E-01  0.24763921E-01
 0.28001592E-01  0.38342606E-01  0.52350562E-01  0.11440288E+00  0.14154381E+00  0.10211069E+00  0.24615951E+00  0.31020703E-01  0.47962479E-01  0.46659891E-01
 0.44893064E-01  0.52354220E-01  0.21852981E-01  0.52254265E-02  0.54830670E-01  0.68943880E-01  0.17350531E+00  0.59135340E-01  0.17499216E-01  0.21171756E-01
 0.44983167E-01  0.45967374E-01  0.44107907E-01  0.51683009E-01  0.45606412E-01  0.45061763E-01  0.59960075E-01  0.44176653E-01  0.56943189E-01  0.17781788E-01
 0.48867683E-02  0.41136611E-01  0.60181186E-01  0.59671361E-01  0.54707486E-01  0.65888166E-01  0.29073542E-01  0.68133534E-02  0.69120184E-01  0.86745530E-01
 0.31428763E+00  0.81754774E-01  0.23573503E-01  0.23216527E-01  0.55594526E-01  0.59442185E-01  0.56874812E-01  0.70017770E-01  0.58399037E-01  0.59945397E-01
 0.72390236E-01  0.57067133E-01  0.68317443E-01  0.27280495E-01  0.63789170E-02  0.10493506E+00  0.33501212E-01  0.39597947E-01  0.40536452E-01  0.39954841E-01
 0.47572702E-01  0.20089807E-01  0.49890489E-02  0.54562043E-01  0.65680534E-01  0.20581542E+00  0.57205576E-01  0.16636275E-01  0.15528248E-01  0.38386267E-01
 0.43939013E-01  0.41112393E-01  0.51188666E-01  0.46704594E-01  0.44548929E-01  0.61224230E-01  0.43617867E-01  0.48844360E-01  0.22501573E-01  0.40548290E-02
 0.19169082E+00  0.48255727E+00  0.13785511E+00  0.79639480E-01  0.87305978E-01  0.91917217E-01  0.10248161E+00  0.10224979E+00  0.46853080E-01  0.10448532E-01
 0.12483995E+00  0.12998058E+00  0.40491179E+00  0.13742061E+00  0.37914611E-01  0.36538403E-01  0.85583046E-01  0.12047521E+00  0.10221655E+00  0.11206686E+00
 0.12347850E+00  0.97073391E-01  0.14272620E+00  0.98196462E-01  0.12924482E+00  0.57110358E-01  0.94992472E-02  0.62363103E-01  0.71198218E-01  0.81413984E-01
 0.27612131E-01  0.19924272E-01
 0.12200000E+03 -0.27801570E+05  0.11528765E+01 -0.27646143E+05  0.10995781E+01  0.55847140E+05  0.56590579E+05  0.56202931E+05  0.29214311E+03  0.18300000E+03
 0.51572405E-06  0.10640459E+01  0.97619721E+00  0.96293008E+00  0.13496877E-01  0.10532518E-01  0.16328699E-01  0.10000000E+01  0.22977627E-01  0.21846298E-05
