 0.77737862E+00  0.64902633E+00  0.10520793E+01  0.64927524E+00  0.54424548E+00  0.54824567E+00  0.49741983E+00 -0.62804632E-01  0.63495058E+00 -0.49351055E-01
 0.57673657E+00 -0.50965723E-01  0.58838081E+00 -0.31285770E-01  0.60895109E+00  0.22774231E+00 -0.16333641E+00  0.24119031E+00 -0.16203342E+00 -0.59836373E-01
 0.14324003E-01 -0.13996251E-01  0.35584696E-01  0.12098199E+00 -0.20280011E-01 -0.20111602E-01 -0.35583340E-02  0.62556073E-01  0.42667352E-02 -0.26307830E+00
 0.10796405E-01  0.13299465E-01 -0.26043275E-01 -0.22424079E-01  0.48464499E-01 -0.62456578E-01  0.20984745E-01 -0.12445626E+00 -0.42660870E-02 -0.12593922E+00
-0.63369095E-01  0.13236253E+00 -0.56523860E-01  0.75101880E-02 -0.32987554E-01 -0.13668852E+00  0.93945481E-01 -0.32582838E-01 -0.38164437E-01 -0.65919369E-01
 0.70007774E-02  0.49110991E-03 -0.24634723E+00  0.11641115E+00  0.52591525E-02 -0.75174935E-01  0.25002914E-01  0.39515026E-01  0.81151369E-03 -0.47704298E-01
 0.17552352E+00  0.11114646E+00  0.24555476E+00 -0.37204726E-02  0.29116914E+00  0.15525992E+00 -0.11636596E+00  0.18560234E-01 -0.11634723E-02 -0.36805856E+00
-0.30118082E-01 -0.21520376E+00 -0.69319628E-01 -0.17358670E+00 -0.58963213E-01  0.24440508E+00  0.72687780E-02  0.62149870E-02 -0.38195375E-01  0.10433820E+00
 0.14256379E+00 -0.13486382E+00 -0.72242372E-01 -0.26278594E-02  0.98205023E-01  0.47783604E+00 -0.96755467E-01 -0.19254917E+00  0.39723136E-01  0.56202177E-01
 0.89306436E-01  0.38735356E-01 -0.25389366E-01  0.13398388E+00 -0.12283554E-01 -0.26183963E+00  0.14353046E+00  0.48003373E+00  0.82735717E-01  0.36125723E-01
 0.18623061E-01  0.91713779E-01  0.16873929E+00 -0.22999190E+00  0.36113616E-01 -0.16233658E-01  0.36034781E-01 -0.15632674E+00 -0.45278203E-01  0.32857755E+00
 0.71342170E-01  0.24058368E-01 -0.18889366E+00 -0.47373241E+00  0.25023920E-01  0.29326048E+00  0.11734296E-01  0.76019131E-01 -0.11347429E+00  0.10729988E-01
 0.14784801E+00 -0.14559864E+00  0.96473759E-02 -0.26999991E-02  0.45280140E-01  0.78952864E-01  0.12978435E-01  0.21265946E+00 -0.20400023E-01  0.20262170E+00
 0.11844289E-02  0.71684963E+00 -0.25602747E-01  0.55178207E+00
 0.14231271E+00  0.12788951E+00  0.23181219E+00  0.28315326E-01  0.23608277E-01  0.74822992E-01  0.40045850E-01  0.17348627E-01  0.25537131E-01  0.17626777E-01
 0.28700955E-01  0.30852115E-01  0.39153062E-01  0.29892456E-01  0.59742264E-01  0.15093683E+00  0.11706997E+00  0.10467898E+00  0.34138057E+00  0.19902956E+00
 0.43037642E-01  0.63558601E-01  0.63444458E-01  0.57539482E-01  0.77492684E-01  0.31264588E-01  0.72123311E-02  0.71181357E-01  0.92702545E-01  0.34194371E+00
 0.88728882E-01  0.27815145E-01  0.24513630E-01  0.58234580E-01  0.65477684E-01  0.60614921E-01  0.79424120E-01  0.64157091E-01  0.67053266E-01  0.74984111E-01
 0.60968965E-01  0.74529655E-01  0.29164905E-01  0.64777536E-02  0.15495783E+00  0.31628821E-01  0.48763592E-01  0.48017476E-01  0.45609187E-01  0.56536026E-01
 0.23500355E-01  0.55802055E-02  0.55144288E-01  0.70881687E-01  0.20149481E+00  0.62306654E-01  0.19080143E-01  0.21470925E-01  0.45659535E-01  0.48215814E-01
 0.45438554E-01  0.55569202E-01  0.47712319E-01  0.47866337E-01  0.60136806E-01  0.45637749E-01  0.58541030E-01  0.18202193E-01  0.48246887E-02  0.18138021E+00
 0.48363753E-01  0.38798615E-01  0.42019743E-01  0.41040175E-01  0.40080711E-01  0.48318490E-01  0.20794678E-01  0.51321629E-02  0.66521876E-01  0.68799987E-01
 0.26141092E+00  0.59431635E-01  0.16985655E-01  0.16377820E-01  0.38025886E-01  0.44507261E-01  0.48739396E-01  0.54925710E-01  0.57574008E-01  0.44947010E-01
 0.75522438E-01  0.49591772E-01  0.53994533E-01  0.22788161E-01  0.39181937E-02  0.97712541E+00  0.37161258E+00  0.31173587E+00  0.97780548E-01  0.11195604E+00
 0.88820860E-01  0.10947572E+00  0.15231031E+00  0.11273982E+00  0.48169851E-01  0.10827800E-01  0.17385012E+00  0.12628335E+00  0.49052092E+00  0.13441426E+00
 0.41245017E-01  0.48622016E-01  0.87649055E-01  0.17673022E+00  0.13863230E+00  0.11626387E+00  0.21448557E+00  0.92524350E-01  0.24411939E+00  0.13720773E+00
 0.19617088E+00  0.88334940E-01  0.11438876E-01  0.16185819E+00  0.48467059E-01  0.16695750E+00  0.12697558E+00  0.99004842E-01  0.50849050E-01  0.35256375E-01
 0.13560788E+00  0.10668422E+00  0.28715370E-01  0.33999253E-01
 0.13400000E+03 -0.26930323E+05  0.12195451E+01 -0.26783517E+05  0.11162782E+01  0.54128647E+05  0.54940420E+05  0.54514646E+05  0.28236648E+03  0.18100000E+03
 0.20875275E-05  0.10398265E+01  0.97721237E+00  0.96285993E+00  0.13314752E-01  0.10220525E-01  0.16248047E-01  0.10000000E+01  0.22901263E-01  0.81075299E-06
