 0.77089334E+00  0.66015202E+00  0.11149848E+01  0.65660536E+00  0.54839087E+00  0.52959716E+00  0.49768487E+00 -0.67787863E-01  0.63617229E+00 -0.49093209E-01
 0.57486558E+00 -0.49473979E-01  0.58345032E+00 -0.28384242E-01  0.61083162E+00  0.18362013E+00 -0.13705297E+00  0.23915286E+00 -0.10579309E+00 -0.77997395E-02
 0.27483061E-01 -0.13215208E-01  0.42445391E-01  0.12104910E+00 -0.24690704E-01 -0.30105993E-01  0.86823115E-04  0.64109080E-01  0.21657581E-01 -0.10544774E+00
-0.11864912E-01  0.20140756E-01 -0.22856768E-01 -0.37626602E-01  0.15369443E-01 -0.65706857E-01  0.62144965E-01 -0.10096013E+00 -0.55143025E-01 -0.86463034E-01
-0.58082528E-01  0.12421279E+00 -0.59222598E-01  0.82977647E-02 -0.10861341E+00 -0.14090465E+00  0.81247538E-01 -0.32365575E-01 -0.42312469E-01 -0.59425652E-01
 0.12486140E-01 -0.68382488E-03 -0.25679722E+00  0.79552710E-01 -0.94719276E-01 -0.55182815E-01  0.12354025E-01  0.41219935E-01  0.14935916E-01 -0.99754399E-02
 0.17903098E+00  0.73033966E-01  0.20837294E+00  0.52744437E-01  0.24566489E+00  0.15929306E+00 -0.95443495E-01  0.24362927E-01 -0.15101625E-02 -0.36366260E+00
-0.64818114E-02 -0.22314909E+00 -0.64329594E-01 -0.17183839E+00 -0.61974920E-01  0.23945329E+00 -0.42905891E-02  0.80316281E-02 -0.48169818E-01  0.10258621E+00
 0.17083542E-01 -0.12516776E+00 -0.50471976E-01 -0.10468099E-01  0.91096304E-01  0.48330712E+00 -0.94576955E-01 -0.20925631E+00  0.36203045E-01  0.66292986E-01
 0.92987716E-01  0.33446830E-01 -0.23249459E-01  0.13006656E+00 -0.11538602E-01 -0.33046448E+00  0.13035409E+00  0.41476205E+00  0.33906251E-01  0.43830246E-01
 0.10529829E-01  0.91870509E-01  0.19551131E+00 -0.19524759E+00  0.48790429E-01 -0.17172081E-01  0.56838326E-01 -0.15590650E+00  0.19876809E+00  0.26230016E+00
 0.34877479E-01  0.29634867E-01 -0.18500999E+00 -0.44184071E+00  0.32612307E-02  0.25833687E+00  0.29968398E-01  0.64911805E-01 -0.13803184E+00  0.11604736E-01
 0.16225854E+00 -0.13657106E+00  0.97034592E-02 -0.13371520E+00  0.62685244E-01  0.10146192E+00  0.10165676E-01  0.18940842E+00 -0.20856690E-01  0.20593157E+00
 0.34721393E-01  0.68138975E+00 -0.17576246E-01  0.54954708E+00
 0.10257676E+00  0.11822523E+00  0.14150088E+00  0.26229508E-01  0.24065489E-01  0.58874778E-01  0.38121346E-01  0.16589178E-01  0.24959318E-01  0.17521694E-01
 0.28167533E-01  0.29714802E-01  0.39009139E-01  0.28165037E-01  0.57472199E-01  0.14304450E+00  0.10992889E+00  0.10161681E+00  0.26081547E+00  0.94452031E-01
 0.41387755E-01  0.59775297E-01  0.59613626E-01  0.54620348E-01  0.66823639E-01  0.28885258E-01  0.65804399E-02  0.68947420E-01  0.86048283E-01  0.32449147E+00
 0.81577055E-01  0.23545230E-01  0.23549795E-01  0.55111919E-01  0.60402509E-01  0.57580236E-01  0.70969030E-01  0.58840837E-01  0.60834557E-01  0.72326392E-01
 0.56967404E-01  0.68891101E-01  0.27613113E-01  0.64836782E-02  0.73843509E-01  0.30410398E-01  0.45915283E-01  0.45411702E-01  0.43119386E-01  0.50101079E-01
 0.20555831E-01  0.48014610E-02  0.52621763E-01  0.66334859E-01  0.18591048E+00  0.55373684E-01  0.16928773E-01  0.20517364E-01  0.42804871E-01  0.44340353E-01
 0.43067202E-01  0.50404001E-01  0.44246063E-01  0.43669071E-01  0.58342420E-01  0.42458009E-01  0.54718871E-01  0.16988192E-01  0.47053550E-02  0.17063464E+00
 0.46972632E-01  0.37914239E-01  0.39910559E-01  0.39978661E-01  0.39463181E-01  0.47110137E-01  0.19896677E-01  0.49223048E-02  0.63668869E-01  0.65313593E-01
 0.19936150E+00  0.56545839E-01  0.16166111E-01  0.16210277E-01  0.37470382E-01  0.43207768E-01  0.47233347E-01  0.50178140E-01  0.52134592E-01  0.43925975E-01
 0.67193255E-01  0.48132543E-01  0.49868215E-01  0.22737149E-01  0.39213980E-02  0.68427432E+00  0.37099737E+00  0.30300573E+00  0.91788143E-01  0.11717866E+00
 0.82233585E-01  0.10584156E+00  0.12387134E+00  0.10911419E+00  0.47504965E-01  0.97998325E-02  0.15848826E+00  0.11770055E+00  0.33349326E+00  0.13002384E+00
 0.39134350E-01  0.40731877E-01  0.88632077E-01  0.16345967E+00  0.12177289E+00  0.11632201E+00  0.15518671E+00  0.10509080E+00  0.17537273E+00  0.11940826E+00
 0.14922380E+00  0.78857742E-01  0.10525051E-01  0.75411230E-01  0.45284010E-01  0.10493973E+00  0.84798858E-01  0.70420451E-01  0.40855318E-01  0.34394976E-01
 0.13156421E+00  0.76995194E-01  0.26505368E-01  0.34058243E-01
 0.13400000E+03 -0.27661846E+05  0.11894223E+01 -0.27527273E+05  0.11154310E+01  0.55591692E+05  0.56408257E+05  0.55982480E+05  0.25375483E+03  0.18100000E+03
 0.29097524E-03  0.10606528E+01  0.98456651E+00  0.97484597E+00  0.11080320E-01  0.76518198E-02  0.14161872E-01  0.10000000E+01  0.21981729E-01  0.15230695E-05
