 0.70710528E+00  0.74895495E+00  0.10212660E+01  0.24521457E+00  0.23958470E+00  0.24102594E+00  0.28637329E+00  0.49505010E-01  0.31478795E+00  0.49355924E-01
 0.29895484E+00  0.37680928E-01  0.29145241E+00  0.52974246E-01  0.31729013E+00  0.15124681E-01 -0.32273691E-01  0.32954928E-01  0.58820393E-01  0.89901142E-01
 0.16805241E-01  0.45674838E-01 -0.82369678E-01  0.16136622E+00  0.62702157E-01 -0.17941342E-02  0.10879933E-01 -0.25903988E+00  0.17846626E+00 -0.10766163E+00
 0.14707584E-01  0.17307112E-01 -0.15500167E+00  0.40445994E-02  0.22641367E+00  0.81054375E-01  0.42977113E-01 -0.36693726E-01 -0.22731498E-01  0.87473229E-01
 0.88554159E-01  0.40269241E+00  0.47216270E-01  0.66835374E+00 -0.12943870E-01  0.63041073E+00  0.29131359E+00  0.25123307E+00  0.18963916E-01  0.31620872E+00
 0.38806133E-01  0.35906699E-01  0.44442698E-01  0.10674406E-01  0.10666193E-01  0.13691867E-01  0.15427955E-01  0.89911651E-02  0.13273094E-01  0.83875097E-02
 0.13174695E-01  0.94603579E-02  0.13393633E-01  0.11137048E-01  0.17336894E-01  0.38003590E-01  0.43511122E-01  0.42292595E-01  0.43810789E-01  0.48154581E-01
 0.45288257E-01  0.45033079E-01  0.45567807E-01  0.44692259E-01  0.46976976E-01  0.48497565E-01  0.49163930E-01  0.41155629E-01  0.32805506E-01  0.47177278E-01
 0.48037831E-01  0.45490719E-01  0.86252265E-01  0.55352092E-01  0.48582025E-01  0.41495413E-01  0.51188711E-01  0.51834092E-01  0.48930440E-01  0.41581377E-01
 0.26671315E-01  0.54573026E-01  0.43039791E-01  0.45831494E-01  0.30181604E-01  0.34567285E-01  0.47126971E-01  0.37758697E-01  0.16662393E-01  0.20884931E-01
 0.50000000E+02 -0.17725586E+05  0.10140760E+01 -0.17699651E+05  0.10088107E+01  0.35551171E+05  0.35820059E+05  0.35661219E+05  0.51662203E+02  0.55000000E+02
 0.60294497E+00  0.10040240E+01  0.10000000E+01  0.10000000E+01  0.00000000E+00  0.00000000E+00  0.13990546E-01  0.10000000E+01  0.85822919E-02  0.46405301E-02
