 0.15059161E-02    0.60932997E-03    0.12892910E-02    0.35517056E-03    0.57196498E-03
 0.19751534E-02    0.16063566E-04   -0.72834526E-05    0.10728932E-04    0.11394293E-03
 0.19733505E-04   -0.33884185E-04   -0.14856717E-04   -0.38663431E-05    0.11376766E-03
-0.92178134E-05   -0.24051717E-04   -0.26283742E-03   -0.10151137E-04   -0.13590201E-04
 0.18746721E-03    0.10426962E-03    0.13287923E-03    0.23960726E-03   -0.12282577E-04
-0.55391439E-06   -0.51599103E-04    0.23802180E-03    0.53434254E-05    0.91566985E-05
 0.37940786E-06    0.15203667E-04    0.30862150E-06    0.28294256E-06   -0.22793563E-05
 0.80841049E-04    0.28097391E-05    0.18737269E-04    0.43213363E-05    0.86215803E-05
-0.58024833E-06   -0.14513331E-05   -0.22754331E-05    0.31694777E-04    0.17617501E-03
-0.77229895E-05   -0.11936124E-04    0.12156807E-04    0.16207198E-05    0.25354887E-04
 0.51823827E-06    0.41744591E-05   -0.10827159E-05   -0.17175790E-05    0.70350320E-04
-0.39666892E-05    0.24671318E-04   -0.31946949E-05    0.37870726E-05    0.29813586E-06
 0.79081243E-05   -0.31174045E-06    0.56846811E-05   -0.92861729E-05    0.27824640E-04
 0.17357259E-03   -0.81052641E-06   -0.25966194E-05   -0.10836325E-04   -0.74578056E-05
 0.31548098E-05    0.28286068E-04    0.32646101E-05   -0.21062323E-05    0.10257225E-05
-0.26618482E-05   -0.18031807E-06    0.89498367E-04   -0.10129635E-04    0.67259673E-06
 0.27385255E-04   -0.22630385E-05    0.14150897E-05    0.68276644E-05    0.12202654E-05
-0.16659741E-05   -0.12000253E-04    0.49573164E-05   -0.16505637E-04    0.30874588E-04
 0.17938941E-03    0.38365994E-05   -0.31405516E-04   -0.89036375E-05   -0.41856932E-05
 0.10438665E-04   -0.54052771E-05    0.22451954E-04   -0.10499042E-05   -0.54320528E-05
-0.81336900E-05   -0.37836539E-05   -0.74008219E-05    0.17666144E-05    0.12403383E-03
 0.54767563E-05   -0.29450082E-05   -0.40270823E-06    0.26194827E-05    0.55081309E-05
 0.38224916E-05    0.16930115E-04    0.11054622E-04   -0.18820510E-04   -0.44249622E-05
-0.91240223E-05    0.11387396E-04   -0.24948138E-04    0.29825106E-04    0.30056791E-03
 0.82994108E-04    0.38860347E-04   -0.12560149E-03   -0.55821488E-05    0.23252543E-04
 0.26159609E-04   -0.28491657E-04   -0.69121435E-05   -0.13432376E-04    0.57868017E-06
 0.94136858E-05   -0.10157914E-04    0.41925649E-04    0.22190869E-04   -0.57793211E-05
 0.14442729E-02   -0.86350659E-04   -0.81538628E-04    0.24554723E-03    0.10288950E-04
-0.59172773E-05   -0.99076656E-05    0.23284520E-04    0.13555369E-04   -0.27279781E-04
 0.10072708E-04    0.21435104E-04   -0.72854096E-05   -0.39516018E-04   -0.82888158E-05
-0.12166912E-04   -0.41927299E-03    0.18932178E-02   -0.12808215E-03   -0.13972405E-03
-0.71969586E-04    0.19906544E-04    0.11324463E-04   -0.20240065E-05   -0.11988420E-04
-0.62019552E-05   -0.93553011E-05    0.71766354E-05   -0.30033275E-04    0.21817231E-05
 0.20142068E-04    0.28646227E-05    0.42927231E-04   -0.17691058E-03    0.10097839E-03
 0.17886635E-02    0.73717096E-04    0.10872184E-04    0.23974020E-05   -0.74950505E-05
 0.14339432E-04   -0.14167194E-05    0.19709618E-04   -0.66833840E-05    0.17560880E-04
 0.10550369E-04    0.34617359E-04   -0.19207570E-05   -0.31402938E-04   -0.31098205E-04
-0.31399635E-04    0.65284529E-04   -0.10846015E-03   -0.71467943E-03    0.19193851E-02
 0.29327516E-03    0.84522045E-04   -0.47675236E-03   -0.13163662E-04    0.48253245E-04
 0.94686017E-04   -0.55476873E-04    0.28661082E-04    0.89102570E-05   -0.51998133E-05
 0.36258569E-05    0.10853884E-04   -0.33930296E-04   -0.12179067E-04   -0.15018365E-05
 0.15562504E-03   -0.21779981E-03   -0.81559470E-04    0.82983310E-04    0.23188635E-02
-0.21572320E-03    0.12244413E-03    0.54283222E-04    0.61032850E-05   -0.24621776E-04
-0.13987192E-04   -0.15934759E-04    0.12084022E-04    0.17523102E-04   -0.10010027E-04
 0.33188866E-04    0.22502475E-05   -0.12257313E-04   -0.24285182E-04    0.18308673E-04
-0.84784804E-03    0.30427433E-03    0.12265596E-03   -0.31134399E-04   -0.53472389E-04
 0.20510263E-02    0.33754100E-03    0.21953363E-03   -0.68780004E-04   -0.36649201E-05
-0.21815575E-04    0.30201085E-04    0.69283749E-04    0.13714197E-05    0.16429146E-04
 0.12509725E-04   -0.14417262E-04    0.46796844E-05   -0.24794322E-04    0.30753169E-04
-0.26706762E-04   -0.74005433E-03    0.16673237E-03    0.10134332E-03   -0.24287252E-04
-0.29114290E-04   -0.11326485E-03    0.20279780E-02    0.12564199E-03    0.30892186E-04
 0.12464187E-04    0.15295711E-05    0.12320781E-04    0.19641895E-05    0.79398571E-05
-0.22065288E-04   -0.25698375E-04   -0.25231603E-05   -0.17336802E-04    0.40877644E-05
-0.37061606E-04   -0.38254573E-04   -0.13930965E-04   -0.86690476E-03    0.19335282E-03
 0.11408525E-03    0.19501522E-04   -0.64537773E-04    0.26102340E-03   -0.95610923E-05
 0.20764250E-02   -0.26136658E-03   -0.11336645E-03    0.33460752E-03    0.13791797E-04
-0.24577020E-04   -0.63866587E-04    0.85218235E-05   -0.30396649E-04    0.11743424E-04
 0.63472190E-05    0.11089972E-04    0.72009844E-06    0.16395201E-04    0.63079631E-05
 0.18054425E-04   -0.13364949E-03    0.19053783E-03    0.90120706E-04    0.14574284E-04
-0.17475018E-02    0.69511298E-04    0.88355833E-05   -0.13149381E-04    0.19973982E-02
 0.71717712E-04   -0.76941853E-04   -0.15026583E-03   -0.46789275E-05   -0.12625396E-04
 0.72225752E-05   -0.30802982E-04   -0.28124249E-04   -0.44119916E-05   -0.40431124E-05
-0.38530066E-04   -0.17688062E-04    0.23855881E-04    0.18404215E-05   -0.47913731E-04
 0.26275846E-03   -0.10954438E-02   -0.11836366E-03   -0.13386622E-04   -0.18835964E-04
-0.58710167E-03    0.11267227E-03   -0.12751448E-03    0.27762468E-04    0.22068362E-02
-0.17214428E-03    0.34405489E-04   -0.14112329E-03   -0.73178967E-05    0.11559289E-04
 0.59158651E-05   -0.16582202E-04    0.53678011E-05    0.11152772E-04   -0.29375683E-04
-0.27712376E-04    0.77066655E-06   -0.11459765E-04   -0.99468401E-05    0.41307535E-04
 0.17410626E-03   -0.99109906E-03    0.91389198E-05    0.39229991E-04    0.20820192E-03
-0.96894740E-05   -0.68905430E-03    0.19111144E-03   -0.21847709E-03    0.99661100E-04
 0.23520138E-02    0.11649592E-03    0.57314911E-04   -0.36697076E-04    0.22379578E-05
 0.11173139E-04   -0.28821320E-04   -0.20994706E-05   -0.13442997E-05    0.21926218E-04
-0.34891213E-05    0.30470205E-04    0.21159837E-04    0.57059094E-04   -0.33301168E-05
 0.26004394E-04    0.27044437E-03   -0.11108412E-02   -0.71744646E-04    0.98158785E-04
 0.54539763E-04   -0.11405542E-03    0.74016396E-04   -0.58024584E-03    0.18072691E-05
 0.25696576E-03   -0.25181226E-04    0.24170920E-02    0.86845370E-04    0.16051531E-03
-0.25939581E-03    0.63193533E-05    0.26578744E-04    0.22350870E-04   -0.30045738E-04
 0.14825538E-04    0.76035025E-05    0.12711806E-04    0.15071955E-04   -0.11525536E-05
 0.98493071E-06   -0.31178957E-04    0.45893903E-06    0.69902563E-04   -0.24678188E-04
 0.52029677E-04   -0.22053493E-04    0.94774809E-04   -0.60512470E-04    0.62112367E-04
 0.32465960E-04   -0.22861944E-04   -0.12177379E-03    0.14046880E-03   -0.53346387E-04
 0.16937858E-02   -0.76694397E-04   -0.70844919E-04    0.20022773E-03   -0.54482655E-05
-0.12293367E-04   -0.55278322E-04    0.13199299E-04   -0.13035403E-05    0.56628211E-05
-0.80086068E-05   -0.57539280E-06   -0.12511776E-05    0.69985623E-05   -0.26909525E-04
 0.12440582E-04   -0.35581892E-04    0.62252501E-04    0.73599404E-06    0.64262221E-04
-0.47922370E-03    0.84893838E-04   -0.71176619E-04   -0.99731003E-04    0.42568913E-03
 0.48246656E-05   -0.74029067E-04    0.57656162E-04   -0.23170348E-03    0.10762013E-02
 0.42070863E-04    0.33012802E-04   -0.43541271E-04   -0.17020631E-04   -0.28351585E-04
 0.22396047E-04   -0.51375314E-04    0.10989998E-04    0.77325717E-05   -0.60347310E-05
 0.90912896E-05   -0.70641968E-05    0.18783514E-04    0.79516782E-05   -0.39675419E-04
 0.16499705E-03   -0.88364497E-04   -0.10454881E-02    0.41304968E-03   -0.40182643E-04
-0.17369371E-03   -0.25931026E-04   -0.14952329E-03    0.64217382E-04    0.23276473E-03
-0.11484266E-03    0.13551801E-03   -0.16047003E-03    0.33403826E-04    0.22256955E-02
 0.10077234E-03    0.81022892E-04    0.10054477E-03   -0.24262010E-04    0.37499819E-05
 0.20397547E-05    0.33737632E-04   -0.14059404E-04   -0.39976581E-04   -0.15126474E-04
 0.47285566E-04   -0.58700349E-05   -0.18588021E-04   -0.49717438E-05   -0.10907537E-04
 0.78314498E-04   -0.45755056E-04   -0.10877644E-02    0.42788496E-03    0.77308735E-04
-0.55751718E-04   -0.30713913E-03    0.39485767E-04   -0.13187728E-03    0.34219224E-04
 0.17976505E-03   -0.16084277E-04   -0.10524347E-03    0.34222300E-04    0.16833659E-03
 0.23076333E-02    0.14686161E-04    0.46463411E-04    0.46824425E-04   -0.45682873E-04
-0.31173267E-04   -0.14633215E-04    0.10952966E-04   -0.10229211E-04    0.15882210E-04
 0.41063492E-05    0.37026222E-04    0.12959496E-04   -0.37698883E-04   -0.33355779E-05
-0.22598093E-04    0.35928617E-04   -0.90845828E-04   -0.93143744E-03    0.34751421E-03
-0.72391377E-04   -0.20852795E-04    0.65886442E-04   -0.17554127E-03    0.56224143E-04
 0.12500422E-03   -0.55560452E-04    0.14651016E-03   -0.20415682E-04    0.44931240E-04
 0.12451367E-03    0.11204263E-03    0.20694056E-02   -0.24107504E-03    0.34833947E-03
-0.55747127E-03    0.10199325E-03    0.38868789E-04   -0.50653535E-05   -0.84060852E-04
 0.63711921E-04   -0.19790791E-04    0.90081746E-04    0.11569547E-03   -0.31612946E-04
-0.14320746E-04   -0.17536493E-03   -0.97765883E-04    0.16607456E-03   -0.14040780E-03
 0.11199255E-03   -0.91371773E-04    0.38039464E-03   -0.78365672E-05   -0.54764421E-04
-0.17090652E-03   -0.10716185E-03   -0.25521392E-03    0.20434783E-03    0.31033617E-04
 0.14996587E-02   -0.29505059E-03   -0.15628325E-03   -0.19634948E-03    0.10604840E-04
 0.74394533E-02   -0.16968583E-04   -0.29014741E-03    0.24615468E-03   -0.29056769E-04
-0.26414621E-04    0.21988097E-04    0.55568346E-04   -0.49857105E-04   -0.47669140E-05
-0.57706493E-04   -0.88880970E-04    0.18214271E-04   -0.92811428E-05    0.81359406E-04
 0.92167448E-04   -0.65647745E-04   -0.32136153E-04   -0.89016895E-05    0.89202007E-04
-0.15244905E-03    0.26778729E-04   -0.52432605E-04   -0.67610696E-05    0.25836261E-04
 0.17162856E-03    0.85959588E-04    0.23065317E-05   -0.13265891E-02    0.19581130E-03
 0.69853943E-04    0.22887051E-03   -0.82430188E-04   -0.33216376E-02    0.30638542E-02
 0.16853332E-04   -0.44122230E-04    0.23715677E-03   -0.10580905E-04   -0.14542227E-04
 0.18613763E-04    0.29941007E-04   -0.95932358E-05   -0.81418241E-05   -0.30667834E-04
-0.55199222E-04    0.11922300E-04   -0.18164433E-04    0.67731233E-04    0.18885902E-03
-0.79734179E-04   -0.29547804E-04   -0.10165619E-03    0.55601488E-04   -0.16847654E-04
 0.84663745E-04   -0.13749425E-04   -0.44339922E-04    0.30269168E-04    0.37280199E-04
 0.27456293E-04   -0.19445662E-04   -0.50217985E-03    0.51577495E-04    0.55265154E-04
 0.31260264E-03   -0.31742418E-04   -0.12076994E-02    0.13383430E-02    0.23602132E-02
-0.24862247E-04    0.14458441E-04   -0.22407656E-03    0.10720300E-04    0.21195891E-04
 0.28273108E-04   -0.51039749E-04    0.20503323E-04    0.10533331E-04    0.31826602E-05
-0.28748919E-05   -0.11514997E-04   -0.12111389E-04    0.10325134E-04   -0.46865033E-04
 0.23836927E-04    0.16670199E-04    0.11890005E-03   -0.12738080E-03    0.42626893E-03
-0.54103071E-04    0.12370298E-03    0.17906245E-03   -0.33137558E-03   -0.25320922E-04
-0.18764567E-04   -0.78777041E-04    0.13677370E-03   -0.91964053E-03   -0.83654503E-04
-0.16391676E-03   -0.81874270E-04    0.26599584E-03   -0.39541857E-03   -0.49151548E-03
 0.17218692E-02    0.30246189E-04    0.48529855E-04    0.28736446E-04    0.67031892E-05
 0.20041504E-04    0.25186390E-04   -0.69142779E-05   -0.44648184E-05   -0.84495674E-05
 0.18819863E-04   -0.14557160E-04   -0.43227250E-05    0.10822751E-04    0.19970978E-04
 0.45329171E-04    0.12020084E-04    0.66377167E-04    0.36945400E-03   -0.10903681E-02
 0.31670369E-04    0.89828142E-04   -0.21574263E-04   -0.10778830E-04   -0.51997503E-04
-0.11540768E-03    0.10147922E-03   -0.14659517E-03    0.82176605E-05   -0.78593400E-04
-0.93462737E-03   -0.72055123E-05    0.34610608E-04    0.38777572E-04   -0.21993797E-04
 0.12294319E-03    0.51458233E-04    0.26202842E-02    0.38162018E-04    0.29365145E-04
-0.63254982E-04   -0.12612527E-04   -0.13539859E-04    0.29558941E-04   -0.10713174E-04
-0.57146646E-05    0.36507127E-05   -0.18792008E-04   -0.19584635E-04    0.33602135E-05
-0.42789477E-05    0.27932360E-04    0.91422067E-05   -0.74685459E-04    0.72895677E-04
 0.51411565E-03   -0.11288051E-02    0.42089971E-04    0.56261864E-04    0.27294557E-03
-0.52494598E-04   -0.40586341E-04    0.90847064E-04   -0.18063209E-03   -0.16249382E-03
 0.84137502E-04   -0.64594453E-04   -0.12264229E-03   -0.95015602E-03   -0.33837454E-04
-0.17310990E-03    0.88307762E-04   -0.11726488E-03    0.10162598E-03    0.41904121E-04
 0.26867730E-02   -0.44662827E-04    0.41497734E-04   -0.54202685E-05    0.24456767E-04
 0.18219974E-04   -0.82328459E-05   -0.36169626E-04    0.23639801E-04   -0.21579079E-04
 0.14963052E-04   -0.48218225E-05    0.11613239E-04    0.49771337E-04   -0.23565475E-06
 0.27728331E-05    0.11637499E-05    0.10880885E-03    0.30092983E-03   -0.10156336E-02
 0.90943001E-05   -0.16957515E-04   -0.33425444E-04    0.11544286E-03   -0.15657979E-04
-0.92651515E-04   -0.37225937E-04   -0.61547331E-04    0.61836717E-04   -0.59066324E-04
-0.19442898E-04   -0.67170330E-04   -0.75843637E-03    0.65493767E-03   -0.41513955E-03
-0.14499775E-03    0.12509797E-03    0.22678725E-03   -0.55871280E-04    0.23941881E-02
 0.27778928E-03    0.11431182E-03   -0.34030868E-03   -0.19158409E-04    0.38063326E-04
 0.69822457E-04   -0.22645015E-04    0.17109241E-04   -0.10015438E-04    0.25962613E-06
-0.64925354E-05   -0.34253682E-05   -0.40600773E-04   -0.11986505E-04   -0.13603854E-04
 0.74082656E-04   -0.14101255E-03   -0.54729090E-04    0.42843378E-04    0.17638899E-02
-0.46749661E-04    0.31506181E-04    0.41201676E-04   -0.15611535E-02   -0.25319390E-04
 0.18163890E-03    0.11469563E-04    0.60848214E-04   -0.41953377E-03   -0.62415904E-04
 0.10407289E-03   -0.44097059E-04    0.29329202E-03   -0.17777573E-03   -0.54997801E-04
 0.41067203E-03    0.64082711E-04   -0.12300759E-04   -0.41251770E-04    0.17290110E-02
-0.56063480E-04   -0.13010990E-05   -0.85731041E-04    0.10577955E-04    0.72697097E-05
 0.15504172E-04   -0.14947862E-04    0.16090874E-05   -0.13274907E-05    0.74787218E-05
-0.11575731E-04   -0.45255558E-05   -0.10711876E-04    0.12408350E-04   -0.18526660E-04
-0.49519201E-04    0.29280339E-04    0.74453576E-04   -0.10430336E-03    0.71633133E-04
-0.17744448E-04    0.77850969E-04    0.70807369E-04   -0.47920844E-04   -0.91105430E-05
-0.15258733E-04   -0.52553309E-04    0.28810842E-05   -0.55990298E-03   -0.26880761E-04
-0.75409380E-04   -0.40901585E-04    0.14691251E-03    0.44119000E-05    0.58699083E-05
 0.79878447E-03    0.35335918E-04    0.69636086E-04    0.56413922E-04    0.11367282E-03
 0.71135904E-03    0.48176380E-03    0.42593906E-04   -0.13183465E-02    0.52365971E-04
 0.32699449E-04    0.11329746E-03   -0.17833412E-03   -0.84900168E-05   -0.20122338E-05
-0.27719968E-05    0.94092569E-05   -0.37605114E-04   -0.43795370E-04   -0.49262131E-05
-0.21050591E-04    0.20011257E-03   -0.23980636E-03   -0.29238019E-04    0.12864440E-04
 0.49485378E-03   -0.27595173E-03    0.18069600E-03    0.30144424E-04   -0.37056962E-03
 0.14871410E-03    0.13822676E-05    0.14604672E-04    0.61279550E-03   -0.23833824E-03
-0.10244512E-03    0.11545372E-03   -0.85752525E-04    0.13304459E-02   -0.77427093E-03
-0.29269501E-03    0.20686112E-03   -0.17672257E-04    0.70606492E-04    0.90733494E-05
 0.38272650E-03    0.54686494E-04    0.29782151E-02   -0.79576476E-03   -0.43412360E-03
 0.44675344E-03   -0.37133671E-04   -0.28571526E-04   -0.40022430E-04    0.45011523E-04
-0.12408211E-04   -0.96938736E-05   -0.43869968E-05   -0.15157262E-04    0.16505288E-04
 0.63231781E-05    0.16675775E-04    0.55989902E-05   -0.17897718E-03    0.21818970E-03
 0.70527532E-04    0.40296010E-04   -0.37343374E-03    0.25291041E-03   -0.20749040E-03
-0.24418372E-04    0.29033094E-03   -0.18707287E-04   -0.33438971E-04   -0.11547173E-04
-0.63357231E-03    0.16944782E-03    0.13696090E-03   -0.13007476E-03    0.20593826E-04
-0.10617747E-02    0.71313404E-03    0.14383457E-03   -0.57249449E-04   -0.71769892E-04
-0.75733961E-04   -0.75766333E-04   -0.28917100E-03   -0.66015404E-06   -0.17974997E-02
 0.18524236E-02    0.57033012E-03    0.29529070E-03   -0.38576230E-03    0.19102709E-04
 0.35828915E-04    0.35541744E-04   -0.67089287E-04    0.32210903E-05    0.58033580E-05
 0.15390603E-04    0.21852854E-04    0.28738926E-05    0.36416223E-05    0.31585562E-05
-0.32378977E-04    0.15004902E-03   -0.46992615E-04   -0.43211369E-06   -0.13033390E-03
 0.17706079E-03   -0.15542320E-03    0.10964594E-03    0.29967774E-04   -0.12305414E-03
-0.12014751E-03   -0.60379696E-04   -0.28070433E-04    0.73163086E-03   -0.82802637E-04
-0.10824638E-03    0.44709940E-04   -0.46581463E-04    0.83673433E-03   -0.66061822E-03
-0.84886088E-04   -0.22356888E-04    0.10314370E-04    0.96375984E-04    0.16294013E-03
 0.11229157E-03   -0.49507952E-04    0.13579630E-02   -0.14175705E-02    0.21005257E-02
-0.76658890E-04   -0.22729359E-03    0.26794116E-03   -0.24591588E-04   -0.20325805E-04
-0.22780834E-04    0.22797264E-04   -0.93434085E-05    0.84420856E-05   -0.18603251E-04
-0.21888003E-04    0.77271174E-05    0.10590663E-04    0.29886848E-04    0.25195877E-04
-0.99672394E-04    0.54204881E-04    0.36463424E-04    0.84994297E-05   -0.15825119E-03
-0.91998937E-05   -0.38364712E-05    0.31202273E-04    0.92015497E-04    0.53742641E-04
-0.73103435E-04    0.33229641E-04   -0.69826031E-03    0.14533395E-03   -0.22204622E-04
-0.40284106E-04    0.54272561E-04   -0.17142535E-02    0.89163035E-03    0.38483020E-03
-0.84014128E-04    0.62357017E-05    0.43404100E-04   -0.12602708E-03   -0.11315281E-03
-0.48760348E-04   -0.65455488E-03    0.56353576E-03   -0.49685951E-03    0.91092920E-03
 0.79558119E-04    0.80283798E-04   -0.11912506E-03    0.81252951E-05    0.98152815E-05
 0.70910954E-05   -0.12491189E-04    0.54117787E-05   -0.16192544E-04    0.10293048E-04
 0.29382260E-04   -0.81905031E-05    0.73307925E-05   -0.31470863E-04   -0.51733191E-04
 0.95605741E-04   -0.68338470E-05    0.11493880E-03   -0.68246412E-04    0.47941616E-04
-0.10783426E-03   -0.30241489E-04    0.71231956E-04   -0.12126619E-04   -0.52644369E-04
-0.11906674E-04   -0.12093370E-04    0.37562378E-03   -0.11986702E-03   -0.52539987E-04
-0.17259755E-03   -0.11942789E-03    0.64356385E-03   -0.63600396E-03   -0.97928611E-03
 0.25193246E-03   -0.56279082E-04    0.10284625E-03    0.13470518E-03    0.29265551E-04
 0.41927326E-04    0.24104524E-03   -0.17156455E-03    0.17646746E-03   -0.27915431E-03
 0.11948972E-02   -0.40550687E-04    0.89340013E-04   -0.20458451E-03   -0.29694556E-06
 0.10084976E-04    0.71827848E-05   -0.19615245E-04    0.11706596E-04    0.24855674E-04
 0.21762060E-04    0.59758035E-04   -0.13287799E-04   -0.14046088E-04   -0.60885331E-04
-0.28554211E-03    0.69903942E-04    0.59162064E-04    0.41751388E-04   -0.31455744E-04
 0.16213710E-04   -0.10054531E-03    0.58219060E-04    0.51236506E-04   -0.21738164E-04
 0.47020973E-04    0.26939170E-04   -0.12324122E-03    0.33256114E-03   -0.56565845E-04
-0.30336449E-04   -0.18953778E-03    0.16698529E-04    0.10728828E-02   -0.10312938E-02
-0.15957387E-02    0.35923585E-03   -0.65453982E-04    0.94726554E-04    0.11161278E-03
 0.31543264E-04   -0.21952333E-04    0.22619592E-03   -0.11635224E-03    0.10264178E-03
-0.27507019E-03    0.48383395E-03    0.22209516E-02   -0.69502282E-03   -0.39272137E-03
 0.41942866E-03   -0.35121677E-04   -0.27750916E-04   -0.39377695E-04    0.48159141E-04
 0.51345775E-05    0.57236160E-05   -0.15113143E-04   -0.20054247E-04    0.22709060E-04
 0.17022542E-04    0.12774107E-04    0.21236346E-04   -0.13068154E-03    0.15849276E-03
 0.16128167E-04    0.30528630E-04   -0.30965637E-03    0.17687334E-03   -0.22185928E-03
-0.57582616E-04    0.21958620E-03   -0.26570647E-04    0.49605603E-04   -0.14382289E-04
-0.50952420E-03    0.14242484E-03    0.11487232E-03   -0.53771438E-04    0.24034381E-04
-0.97892693E-03    0.64968019E-03    0.20653812E-03   -0.12145153E-03   -0.29454724E-04
-0.94432421E-04   -0.75211658E-04   -0.25338683E-03   -0.34540540E-04   -0.16099237E-02
 0.14130437E-02   -0.11769904E-02    0.51884171E-03   -0.17668889E-03   -0.11760971E-03
 0.14257193E-02    0.82856671E-04   -0.46934079E-04    0.65019740E-04   -0.46530783E-05
-0.34945293E-05   -0.20680888E-05    0.12370317E-04   -0.19933242E-04    0.27342119E-05
-0.16714851E-04   -0.20126514E-04    0.41419250E-05   -0.53250741E-05    0.24311214E-04
 0.13969116E-04   -0.47061098E-05    0.74325000E-05    0.13983747E-05   -0.25994894E-04
-0.23422148E-04   -0.85149888E-05   -0.94655392E-05    0.12297975E-04   -0.10913688E-04
 0.37440980E-04   -0.28559023E-04    0.14816433E-04   -0.32774345E-03    0.45856629E-04
 0.48378178E-05    0.53034209E-04    0.51176853E-05   -0.93452211E-03    0.60254338E-03
 0.22541949E-03   -0.57260885E-04    0.61290876E-05    0.70462026E-04   -0.69353541E-04
-0.23342117E-04   -0.15405930E-04   -0.54971266E-04    0.65306237E-04   -0.97174803E-04
 0.26284782E-03   -0.13610534E-03   -0.18438565E-03    0.51492137E-04    0.27763535E-03
-0.56987290E-04   -0.29288879E-04    0.30871596E-04   -0.18686060E-05    0.52146457E-05
-0.17353724E-04   -0.19182453E-05   -0.26050972E-05   -0.40428388E-04   -0.84286054E-05
-0.14491691E-04    0.30074838E-05    0.31981410E-05    0.17592086E-04    0.89058235E-04
-0.58080479E-04   -0.32363640E-04   -0.20868601E-04   -0.57382230E-05   -0.30787956E-04
 0.72717734E-04   -0.78235706E-05   -0.12051829E-04    0.20263444E-04    0.14832898E-04
-0.48759878E-05    0.16348574E-04   -0.82560450E-04   -0.30176581E-05    0.16509921E-04
 0.10130634E-03   -0.35194728E-04   -0.58792156E-04    0.24781918E-03    0.57437716E-03
-0.12842350E-03    0.18142413E-04   -0.85112492E-04    0.43924831E-04   -0.25754884E-04
 0.24336371E-04   -0.60401306E-06    0.21970858E-04   -0.18522315E-06    0.20126065E-04
-0.21171394E-03   -0.63027538E-03    0.25507488E-04    0.17678458E-04    0.43618038E-03
