 0.77044229E+00  0.64549931E+00  0.11407710E+01  0.65530566E+00  0.54991949E+00  0.52074976E+00  0.49727195E+00 -0.68461176E-01  0.63585012E+00 -0.50784849E-01
 0.57590272E+00 -0.45185837E-01  0.57918358E+00 -0.27993690E-01  0.61080693E+00  0.21589341E+00 -0.15194187E+00  0.22739477E+00 -0.81697129E-01  0.35355544E-02
 0.30378787E-01 -0.14245309E-01  0.37417249E-01  0.12596853E+00 -0.69618966E-02 -0.34432342E-01  0.12713442E-02  0.56835328E-01  0.12686446E-01 -0.12569689E+00
-0.16861760E-01  0.66065791E-02 -0.14663182E-01 -0.33724952E-01  0.39935878E-01 -0.80011350E-01  0.64059984E-01 -0.88283528E-01 -0.59329061E-01 -0.78727712E-01
-0.44988425E-01  0.99514003E-01 -0.63521857E-01  0.85550451E-02 -0.11764433E+00 -0.14373496E+00  0.81888492E-01 -0.30771594E-01 -0.44783897E-01 -0.69384790E-01
 0.14766003E-01 -0.15376627E-02 -0.25260268E+00  0.85464489E-01 -0.88365106E-01 -0.50500006E-01  0.19712660E-01  0.37851586E-01  0.17254863E-01 -0.22960850E-01
 0.18669229E+00  0.75286561E-01  0.20143669E+00  0.55897664E-01  0.24121741E+00  0.15106669E+00 -0.82418801E-01  0.25221520E-01 -0.28961981E-02 -0.42495866E+00
-0.22509102E-01 -0.23019978E+00 -0.58899681E-01 -0.16882647E+00 -0.67017172E-01  0.22982753E+00 -0.92880378E-03  0.72742011E-02 -0.60900714E-01  0.10857441E+00
 0.15150585E-01 -0.12624638E+00 -0.49101482E-01 -0.11490131E-01  0.92427946E-01  0.47766097E+00 -0.77884801E-01 -0.20682333E+00  0.46308786E-01  0.71124012E-01
 0.10935984E+00  0.42821141E-01 -0.24569221E-01  0.12945835E+00 -0.12172665E-01 -0.50587420E+00  0.27208118E+00  0.49560113E+00 -0.25655645E+00  0.13220204E+00
 0.79484407E-01  0.58782649E-02  0.11554956E+00  0.23322229E+00 -0.19788125E+00  0.33291162E-01 -0.14555079E-01  0.82053505E-01 -0.17211199E+00  0.16785144E+00
 0.26055899E+00  0.44119126E-01  0.29089687E-01 -0.19234696E+00 -0.46109276E+00 -0.33127113E-01  0.28777574E+00 -0.30150513E-02  0.31701621E-01 -0.18163054E+00
-0.12505135E-01  0.18151811E+00 -0.16397357E+00  0.11418644E-01 -0.12450997E+00  0.67748776E-01  0.94721118E-01  0.19687811E-01  0.18028578E+00 -0.51484433E-02
 0.19684652E+00 -0.29829867E-02  0.69020798E+00 -0.10748015E-01  0.55142942E+00
 0.99175222E-01  0.10936952E+00  0.13859948E+00  0.25590065E-01  0.24357506E-01  0.57577539E-01  0.37675182E-01  0.16376524E-01  0.24918868E-01  0.17748116E-01
 0.28507418E-01  0.29255308E-01  0.38523990E-01  0.27614787E-01  0.57522377E-01  0.13850598E+00  0.10743447E+00  0.10585913E+00  0.33677085E+00  0.40943338E-01
 0.40098055E-01  0.56951799E-01  0.57520618E-01  0.52840121E-01  0.65537278E-01  0.28142834E-01  0.64170993E-02  0.65773772E-01  0.84345638E-01  0.31105083E+00
 0.79096817E-01  0.22199019E-01  0.23476595E-01  0.53867957E-01  0.60784687E-01  0.58476341E-01  0.69052604E-01  0.60174610E-01  0.58504677E-01  0.71732026E-01
 0.56800600E-01  0.70147299E-01  0.28188670E-01  0.61174801E-02  0.32846132E-01  0.29793412E-01  0.44864944E-01  0.44166442E-01  0.42200218E-01  0.49445874E-01
 0.20117587E-01  0.46379558E-02  0.51165599E-01  0.65467014E-01  0.17895238E+00  0.54090939E-01  0.16495070E-01  0.20415628E-01  0.42027848E-01  0.44195967E-01
 0.42953513E-01  0.49458102E-01  0.44488511E-01  0.42571193E-01  0.57732315E-01  0.41979471E-01  0.54900492E-01  0.16835089E-01  0.45321723E-02  0.20012818E+00
 0.55463244E-01  0.41373257E-01  0.41573505E-01  0.40673798E-01  0.40710521E-01  0.49072692E-01  0.20403971E-01  0.49964214E-02  0.68672454E-01  0.67636928E-01
 0.20312712E+00  0.57305901E-01  0.16834440E-01  0.16391634E-01  0.38019306E-01  0.44205140E-01  0.53976785E-01  0.51640224E-01  0.53800817E-01  0.44519637E-01
 0.71548887E-01  0.49203142E-01  0.50130324E-01  0.22842264E-01  0.40457452E-02  0.97985449E+00  0.57309499E+00  0.35371022E+00  0.16860163E+00  0.15202543E+00
 0.16884308E+00  0.93004976E-01  0.12910787E+00  0.17759394E+00  0.11689883E+00  0.61897653E-01  0.10513084E-01  0.20732708E+00  0.14033916E+00  0.38379884E+00
 0.14002172E+00  0.39367012E-01  0.42968282E-01  0.10390883E+00  0.17446087E+00  0.17632676E+00  0.13375685E+00  0.19747317E+00  0.13443738E+00  0.23674789E+00
 0.14528821E+00  0.16610827E+00  0.11295037E+00  0.14934333E-01  0.35342119E-01  0.44207201E-01  0.95322698E-01  0.73828554E-01  0.60790190E-01  0.49849507E-01
 0.35394266E-01  0.15462718E+00  0.68101255E-01  0.23364621E-01  0.33694375E-01
 0.13500000E+03 -0.27658032E+05  0.11793956E+01  0.55586065E+05  0.56408723E+05  0.55979768E+05  0.14397510E-06
