 0.81946200E+00  0.71003467E+00  0.98530221E+00  0.64991432E+00  0.52913493E+00  0.61483037E+00  0.48872024E+00 -0.72307333E-01  0.62229866E+00 -0.30700186E-01
 0.57187128E+00 -0.65794259E-01  0.61069530E+00 -0.58574840E-01  0.69841754E+00  0.65645568E-01 -0.14711136E+00  0.16929796E+00 -0.29769167E+00  0.79332002E-01
 0.29450767E-01 -0.31431984E-01  0.40135067E-02  0.15874372E+00  0.28754514E-01 -0.20942928E-01 -0.37635306E-02 -0.19588535E+00  0.24535319E-01  0.12200612E-01
 0.34542955E-01 -0.41032225E-01  0.10347208E+00 -0.42216610E-01  0.85081190E-01 -0.17183468E+00  0.22041585E-01 -0.82303077E-01 -0.32622181E-01  0.19977593E+00
-0.57622273E-01  0.49254508E-02 -0.10368647E+00 -0.12851979E+00  0.12577701E+00  0.34925118E-01 -0.75128637E-01 -0.87191515E-01 -0.14320249E-02  0.48489203E-02
-0.82470305E-01 -0.11480904E+00  0.31126080E-01  0.67840996E-02  0.25984779E-01 -0.56704558E-01  0.15687995E+00  0.72438769E-01  0.26472482E+00 -0.12599709E-01
 0.25265208E+00  0.12554738E+00 -0.11327562E+00  0.27383486E-01 -0.26889041E-02 -0.10548037E+01 -0.11991420E+00 -0.33511239E+00  0.35856552E-01 -0.14209789E+00
-0.15365703E+00  0.13994312E+00  0.86481107E-03  0.99981343E-02 -0.11267985E+00 -0.17525439E+00 -0.30805124E-01 -0.39799600E-02  0.12812255E+00  0.39137062E+00
-0.41300669E-01 -0.15184601E+00  0.18817604E+00  0.69798239E-01  0.24848518E+00  0.98267406E-01 -0.57939127E-01  0.13132559E+00 -0.14810221E-01  0.48545953E-01
 0.19589987E+00  0.81351072E+00  0.64599432E-01  0.18822646E+00  0.75360551E-01  0.12571758E+00  0.26492238E+00 -0.20114979E+00  0.58565404E-01 -0.17424278E-01
 0.36167294E+00  0.22562805E+00  0.80027521E-01  0.75183935E-02 -0.27436897E+00 -0.63571095E+00  0.18641643E+00  0.24057347E+00  0.17079066E+00 -0.28020846E-01
-0.11121491E+00  0.31165520E-01 -0.30787565E-01 -0.99302277E-01  0.15117508E-01  0.49491338E-01  0.51678564E-01 -0.18016019E+00  0.18513893E+00  0.63075550E-01
 0.15669163E+00  0.13219623E+00 -0.12270615E+00  0.79547483E+00 -0.29869439E-01  0.56677109E+00
 0.15850832E+00  0.13883275E+00  0.30640465E+00  0.27334921E-01  0.27255112E-01  0.56224111E-01  0.52882239E-01  0.19129321E-01  0.29166898E-01  0.19548917E-01
 0.32922041E-01  0.37037164E-01  0.46489317E-01  0.35326652E-01  0.75572930E-01  0.16318238E+00  0.12858807E+00  0.60853475E+00  0.29839015E+00  0.18533193E+00
 0.50989218E-01  0.78424416E-01  0.65986954E-01  0.63181110E-01  0.76700553E-01  0.35596721E-01  0.82552815E-02  0.38200846E+00  0.95377296E-01  0.25081230E-01
 0.27854366E-01  0.66504546E-01  0.74379206E-01  0.65470867E-01  0.81565462E-01  0.65872818E-01  0.71046241E-01  0.85148565E-01  0.68150558E-01  0.84200822E-01
 0.37713017E-01  0.65509118E-02  0.15908323E+00  0.37068341E-01  0.60694609E-01  0.50337955E-01  0.53317364E-01  0.60118560E-01  0.24541402E-01  0.58473330E-02
 0.18541302E+00  0.68504170E-01  0.19194271E-01  0.24509666E-01  0.52320283E-01  0.54249894E-01  0.51132720E-01  0.57953816E-01  0.50187092E-01  0.52255426E-01
 0.69458738E-01  0.52244071E-01  0.66692241E-01  0.21905040E-01  0.54672612E-02  0.39432330E+01  0.48244426E+00  0.51548994E+00  0.52599609E+00  0.15361443E+00
 0.31431720E+00  0.34330779E+00  0.30403676E-01  0.21025157E-01  0.40335104E+00  0.47849756E+00  0.12156148E+00  0.37686735E-01  0.13234928E+00  0.22410889E+00
 0.63050556E+00  0.28401157E+00  0.10388013E+01  0.90534799E-01  0.99537587E+00  0.51330894E+00  0.47733256E+00  0.10485423E+00  0.12140175E-01  0.50769389E+00
 0.25928301E+00  0.48824573E+00  0.10337429E+00  0.14529750E+00  0.10654184E+00  0.12884924E+00  0.13206555E+00  0.15434887E+00  0.50369564E-01  0.13088174E-01
 0.44138750E+00  0.16371259E+00  0.48079908E-01  0.41645057E-01  0.11047876E+00  0.24983026E+00  0.12867127E+00  0.15991735E+00  0.15039857E+00  0.12028515E+00
 0.15726992E+00  0.10986505E+00  0.16235152E+00  0.73578410E-01  0.10615978E-01  0.15886053E+00  0.40758610E-01  0.37605375E+00  0.29158986E+00  0.23786472E+00
 0.10367639E+01  0.26679271E+00  0.20108047E+00  0.24611686E+00  0.34916040E-01  0.37567124E-01
 0.12600000E+03 -0.19376120E+05  0.11693190E+01 -0.19255046E+05  0.10901108E+01  0.39004241E+05  0.39729683E+05  0.39329356E+05  0.23485415E+03  0.16900000E+03
 0.60708471E-03  0.10310561E+01  0.97831819E+00  0.96471895E+00  0.12907232E-01  0.86378166E-02  0.16701305E-01  0.10000000E+01  0.27483628E-01  0.95268463E-07
