 0.77942134E+00  0.62144084E+00  0.10268896E+01  0.71517489E+00  0.66957539E+00  0.54825917E+00  0.60041778E+00  0.53323498E+00 -0.22336652E-01  0.53901028E+00
-0.53961256E-01  0.59498854E+00 -0.44273223E-01  0.52368620E+00 -0.60599717E-01  0.59365376E+00 -0.23344424E-01  0.60726807E+00  0.21249780E-01  0.33003881E-01
 0.95452628E+00 -0.28833595E-01 -0.42562587E-01  0.97371270E+00  0.16311874E-03 -0.39697556E-01  0.10428754E+01  0.48167597E-01  0.12553678E-02  0.11629128E+01
-0.15735457E+00  0.10255885E+00  0.15003115E+01 -0.15567823E+00  0.21433772E+00  0.23292886E+00 -0.33112486E+00 -0.57006525E-01  0.17872713E+00 -0.13839545E+00
 0.58828564E-01 -0.15997044E-01  0.19896801E-01 -0.68379907E-01 -0.11393369E-01  0.13047667E-02 -0.22324785E+00  0.13039274E+00 -0.25605571E+00 -0.88472825E-01
 0.21374000E-01  0.36267164E-01  0.33996728E-02 -0.99752705E-02  0.12827070E+00  0.13478821E+00  0.18866124E+00 -0.19688738E-01  0.22426605E+00  0.12136164E+00
-0.29935597E-01 -0.11883757E-01  0.10098563E-02  0.28184212E-01  0.38267313E-01  0.11403477E-01  0.10587110E-01 -0.25878249E-01  0.93309965E-02 -0.37823760E-02
 0.18036529E-01 -0.25399351E-01  0.21221642E+00  0.43604503E-01  0.14893637E-01 -0.18515177E-01 -0.22542066E-01 -0.15597604E-01  0.28501405E-01 -0.12902270E-01
-0.18286580E-01  0.22592893E-01 -0.69463335E-02 -0.12345947E-01 -0.15497240E-01 -0.50633335E-04  0.34382008E-02 -0.26693434E+00  0.25520924E+00 -0.18904829E+00
-0.89721279E-01 -0.14807466E+00 -0.54045421E-01  0.24828292E+00 -0.37636255E-02  0.58979375E-02 -0.32918655E-01  0.97123574E-01  0.84526912E-01 -0.12425683E+00
-0.64141921E-01 -0.70695817E-02  0.11431680E+00  0.47624380E+00 -0.13005543E+00 -0.18696318E+00  0.88281221E-02  0.42792980E-01  0.58997119E-01  0.83027170E-02
 0.15522332E-01  0.11409210E+00 -0.10450048E-01  0.75926186E+00  0.23895101E+01  0.48106335E+00  0.78985655E+01 -0.51365232E+00 -0.13464966E+02  0.11578152E+00
-0.73298712E-01  0.19929766E+00 -0.79259974E-01  0.19521190E+00 -0.94055346E-01 -0.13356461E-01 -0.41756724E+00 -0.19694207E+00 -0.81611425E+00  0.42122623E+00
-0.12332239E+00  0.19316592E+00  0.25477260E+00 -0.74624744E+00 -0.29163372E+00  0.46442074E+00  0.18218457E+00 -0.13653505E+00  0.46529241E-01 -0.20723378E+00
 0.28267517E+00 -0.30089018E+00 -0.26424728E-02 -0.28583160E-01 -0.57301486E-02 -0.37486587E-01  0.36252556E-01 -0.43022314E-01  0.20671785E-01  0.11228738E-02
 0.11268186E+00 -0.20064394E-02  0.92888149E-01 -0.14523696E-01  0.20750284E-01 -0.23923441E-01 -0.69633255E-01  0.54239669E-01  0.25318998E-01 -0.42258617E-01
-0.36135734E-01  0.50978900E-01 -0.38011013E-01  0.49196485E-01 -0.23230028E-01  0.29419630E-01 -0.92262634E-03 -0.37129064E-01  0.38055537E-01 -0.10773813E-01
-0.55278734E-01  0.74610376E-01 -0.61054831E-01 -0.32857813E-03 -0.11192101E-01 -0.64539973E-01  0.31571448E-02  0.19034572E+00 -0.33036035E-01  0.31708256E-01
 0.11214538E+00 -0.11997070E+00 -0.10066033E+00  0.10550564E+00  0.35640049E-01  0.12162227E+00  0.16878151E+00  0.70891221E-01  0.36334590E-01 -0.86757373E-01
-0.30603800E-02  0.25697761E+00 -0.27983139E-02  0.11837513E-01 -0.24621406E-01  0.21126557E+00 -0.52817290E+00 -0.37977484E-01 -0.12835558E-01  0.48272719E-01
-0.24072636E-01  0.34214421E-01 -0.36702654E-01  0.30589285E-01  0.74440383E+00
 0.90511297E-01  0.15039553E+00  0.16173369E+00  0.32609160E-01  0.22809891E-01  0.23256807E-01  0.35420432E-01  0.48087185E-01  0.90596335E-01  0.11276516E+00
 0.17374750E-01  0.39612347E-01  0.60898748E-01  0.11111771E+00  0.28795066E-01  0.25117747E+00  0.10489049E+00  0.30191457E+00  0.40640476E-01  0.41654800E-01
 0.81838594E-01  0.27272752E-01  0.27831405E-01  0.10838200E+00  0.36530116E-01  0.12676395E+00  0.14111038E+00  0.55175668E-01  0.73421486E-01  0.20362469E+00
 0.61128839E-01  0.51787379E+00  0.32252708E+00  0.27294932E+00  0.46087885E+00  0.15560525E+00  0.81739349E+00  0.11506328E+00  0.27223867E+00  0.53570059E-01
 0.48828645E-01  0.39960076E-01  0.64612443E-01  0.42841144E-01  0.46256562E-01  0.70520023E-02  0.45375052E-01  0.59667703E-01  0.18431925E+00  0.60241814E-01
 0.73933327E-01  0.25305526E-01  0.41691083E-01  0.47149448E-01  0.63023766E-01  0.80222479E-01  0.33857817E-01  0.41848173E-01  0.12615160E+00  0.11770222E+00
 0.55039589E-01  0.24477453E-01  0.12561551E-01  0.83035498E-01  0.63404556E-01  0.46321279E-01  0.99999722E-01  0.47524722E-01  0.78048620E-01  0.10362617E-01
 0.43402183E-01  0.66205841E-01  0.64930595E-01  0.81326479E-01  0.13347877E+00  0.32730166E-01  0.67572359E-01  0.57593827E-01  0.79886815E-01  0.16185531E+00
 0.29771072E-01  0.53664996E-01  0.23151347E+00  0.19588098E+00  0.53402670E-01  0.39523869E-01  0.21468078E-01  0.16866114E+00  0.51538910E+00  0.36152390E-01
 0.53999230E-01  0.54883680E-01  0.41951512E-01  0.20464004E+00  0.21654077E-01  0.83347052E-02  0.90603479E-01  0.10735540E+00  0.28604206E+00  0.59875569E-01
 0.33491208E-01  0.24279559E-01  0.10068082E+00  0.48680555E-01  0.45333222E-01  0.11246021E+00  0.85242155E-01  0.63583633E-01  0.20086422E+00  0.56922534E-01
 0.68563885E-01  0.45944987E-01  0.37047049E-02  0.45356734E+00  0.48111316E+01  0.47589223E+00  0.18318482E+01  0.13350217E+01  0.94232572E+01  0.66302140E+00
 0.85688422E+00  0.15530641E+01  0.44658668E+00  0.65086188E+01  0.23679379E+00  0.16285164E+00  0.73438644E+00  0.12095818E+01  0.34485529E+01  0.56145774E+00
 0.52734330E+00  0.85702365E-01  0.37046479E+01  0.17109942E+01  0.12663036E+01  0.39800278E+01  0.12118537E+01  0.22602400E+01  0.47221244E+01  0.26155091E+01
 0.22647490E+01  0.10514477E+01  0.10374937E+00  0.14744188E+00  0.13939645E+00  0.22034940E+00  0.14556307E+00  0.10253516E+01  0.37066718E-01  0.27436291E-01
 0.45000073E-01  0.18631261E+00  0.30517192E+00  0.58065778E-01  0.21782845E-01  0.52704774E-01  0.71276817E+00  0.35398221E+00  0.29205420E+00  0.71814414E+00
 0.14366941E+00  0.42592901E+00  0.63001195E+00  0.49238327E+00  0.37723089E+00  0.12949164E+00  0.30578995E-01  0.26846698E+00  0.24899027E+00  0.39611237E+00
 0.26687376E+00  0.17858222E+01  0.75403684E-01  0.47091437E-01  0.10964377E+00  0.32766879E+00  0.55495444E+00  0.18442979E+00  0.46293679E-01  0.10824235E+00
 0.12160819E+01  0.61787553E+00  0.48094663E+00  0.12933195E+01  0.27708469E+00  0.73867158E+00  0.10949320E+01  0.87243946E+00  0.61718908E+00  0.24196702E+00
 0.49267431E-01  0.17232894E-01  0.91537692E-02  0.44040874E-02  0.42417364E-01  0.12038111E+00  0.90888752E-01  0.61505768E-01  0.15891574E-01  0.16696303E-01
 0.92564858E-01  0.15912963E-01  0.73808072E-01  0.11632649E+00  0.40212592E+00
 0.20500000E+03 -0.41702619E+05  0.19325592E+01  0.83815238E+05  0.85057130E+05  0.84405759E+05 -0.40543304E-03
