 0.77475870E+00  0.69907236E+00  0.11354736E+01  0.67792231E+00  0.65528500E+00  0.54449505E+00  0.52889037E+00  0.50070548E+00  0.54415721E+00  0.63213944E+00
 0.57586539E+00  0.57869667E+00  0.60312742E+00 -0.15643047E+00  0.21299823E+00  0.23027284E+00 -0.41548535E-01 -0.14133410E+00  0.93415335E-01 -0.19719785E-01
-0.45946319E-01 -0.81075728E-01  0.81941811E-02 -0.92444313E-03 -0.24546313E+00  0.10823032E+00 -0.69858886E-01 -0.75144134E-01  0.27469849E-01  0.38366217E-01
 0.11121851E-01 -0.50462957E-01  0.16818874E+00  0.10918266E+00  0.24403827E+00 -0.92243068E-02  0.27627346E+00  0.15215792E+00 -0.10942537E+00  0.26025761E-01
-0.20243768E-02  0.24730073E-01 -0.24602160E-01  0.31986222E-01  0.12080648E+00 -0.11205222E-01 -0.27497528E-01  0.24044022E-03  0.54039650E-01  0.72996025E-02
-0.13962673E+00 -0.16085290E-03  0.18579309E-02 -0.17906670E-01 -0.29032627E-01  0.36842827E-01 -0.60099725E-01  0.46441387E-01 -0.12237285E+00 -0.15171578E-01
-0.10018165E+00 -0.52676879E-01  0.12977658E+00 -0.63594818E-01  0.72809174E-02 -0.41796896E+00 -0.22824189E+00 -0.57059731E-01 -0.16911587E+00 -0.67375176E-01
 0.23435330E+00 -0.23248352E-02  0.76802545E-02 -0.61291542E-01  0.10806393E+00  0.19533535E-01 -0.12869780E+00 -0.48958052E-01 -0.10959923E-01  0.93446322E-01
 0.48110172E+00 -0.83564371E-01 -0.20563942E+00  0.50319694E-01  0.64275734E-01  0.11039062E+00  0.44899333E-01 -0.33404518E-01  0.12944412E+00 -0.12099709E-01
 0.16645010E+00 -0.68656021E+00  0.38587302E+00  0.48761945E-01 -0.55521880E-02  0.10030172E+00  0.23863947E+00 -0.19064695E+00  0.36686178E-01 -0.15791267E-01
 0.83734959E-01 -0.15623637E+00  0.17830388E+00  0.25466964E+00  0.38386546E-01  0.25126263E-01 -0.19074076E+00 -0.41476637E+00 -0.30241389E-01  0.27440080E+00
-0.22660345E-01  0.66753961E-01 -0.18489173E+00 -0.15166817E-01  0.22050948E+00 -0.15699215E+00  0.11567313E-01  0.24676150E+00 -0.28923005E-01  0.12907532E+00
-0.14681829E-01  0.20124893E+00
 0.97546242E-01  0.12865300E+00  0.13010980E+00  0.67846760E-01  0.24760582E-01  0.23233645E-01  0.51878653E-01  0.37179973E-01  0.24767758E-01  0.24738561E-01
 0.27996872E-01  0.38270816E-01  0.52127674E-01  0.11520693E+00  0.14166187E+00  0.10242447E+00  0.24101089E+00  0.30984798E-01  0.47944527E-01  0.46772346E-01
 0.44884861E-01  0.52255370E-01  0.21786740E-01  0.52037593E-02  0.54831430E-01  0.68838790E-01  0.17173873E+00  0.58919992E-01  0.17287567E-01  0.20928089E-01
 0.44982355E-01  0.45965422E-01  0.44105161E-01  0.51536191E-01  0.45484062E-01  0.45004219E-01  0.59966944E-01  0.44082511E-01  0.56869082E-01  0.17739255E-01
 0.47934279E-02  0.40946070E-01  0.59873324E-01  0.59471756E-01  0.54461941E-01  0.65428078E-01  0.28805386E-01  0.67389333E-02  0.68840660E-01  0.86059846E-01
 0.31137791E+00  0.81508353E-01  0.22522515E-01  0.22958022E-01  0.55449903E-01  0.59098084E-01  0.56552716E-01  0.69565475E-01  0.57913832E-01  0.59624936E-01
 0.72108813E-01  0.56797203E-01  0.67994177E-01  0.27660737E-01  0.62929052E-02  0.10185651E+00  0.33271484E-01  0.39428532E-01  0.40575169E-01  0.39822172E-01
 0.47482766E-01  0.20096786E-01  0.49891723E-02  0.53983651E-01  0.65514870E-01  0.20394446E+00  0.57048902E-01  0.16620832E-01  0.15400859E-01  0.38198821E-01
 0.43821555E-01  0.40616293E-01  0.50962567E-01  0.46318866E-01  0.44411711E-01  0.60626309E-01  0.43292135E-01  0.48728798E-01  0.22472551E-01  0.40186844E-02
 0.17524217E+00  0.42194018E+00  0.13240713E+00  0.76860406E-01  0.84136039E-01  0.89038283E-01  0.96180096E-01  0.99378869E-01  0.44978097E-01  0.10082245E-01
 0.11732578E+00  0.12559879E+00  0.38758510E+00  0.13408305E+00  0.35706125E-01  0.34259662E-01  0.83013900E-01  0.11602306E+00  0.94846360E-01  0.10883024E+00
 0.11387011E+00  0.94400920E-01  0.13255911E+00  0.92872553E-01  0.12140284E+00  0.55289559E-01  0.91975490E-02  0.62260505E-01  0.70333809E-01  0.79458311E-01
 0.26578231E-01  0.20021982E-01
 0.12200000E+03 -0.27801170E+05  0.11521501E+01 -0.27649324E+05  0.11004787E+01  0.55846339E+05  0.56589779E+05  0.56202131E+05  0.28488008E+03  0.18300000E+03
 0.20746981E-05  0.10660311E+01  0.97773190E+00  0.96532017E+00  0.13040065E-01  0.10012394E-01  0.15909112E-01  0.10000000E+01  0.22790887E-01  0.23492725E-05
