 0.62690681E+00  0.67888808E+00  0.98580593E+00  0.48626816E+00  0.71722227E+00  0.89140821E+00  0.46848533E+00  0.40849769E+00  0.37930158E+00  0.39790919E+00
 0.40460706E+00  0.47354344E-01  0.36129636E+00  0.53632695E-01  0.40191224E+00  0.43172311E-01  0.41752109E+00  0.39206885E-01  0.35724416E+00  0.45627687E-01
 0.38612700E+00  0.30862346E-01  0.53258613E-02  0.37232828E+00  0.41178133E-01  0.44518728E-01  0.39966479E+00  0.92031397E-02  0.41782353E-01  0.42249474E+00
 0.44267625E-01  0.46591900E-01  0.43764403E+00  0.41631903E-01  0.44581469E-01  0.42658263E+00 -0.23976717E-01  0.82049277E-02 -0.54884874E-02  0.33270195E-01
-0.46655424E-01  0.33662755E-01  0.11936432E+00  0.13447296E-01 -0.71592860E-01 -0.24724582E-01 -0.84738536E-02 -0.35505887E-01 -0.44352365E+00  0.21555980E+00
-0.82526863E-01  0.33661284E-03  0.81959879E-02  0.26659304E+00 -0.57127571E+00  0.24284005E+00 -0.21128945E-01  0.37490913E+00  0.49450368E-01 -0.64972296E-01
-0.34198266E-01  0.11019912E+00 -0.10096539E-01  0.72974555E-01 -0.59619743E-01  0.34829706E-01 -0.61074384E-01  0.59372967E+00  0.19713213E+00  0.40381405E+00
 0.13510001E+00  0.65184313E+00  0.42467278E+00  0.21815702E+00  0.43888683E-02  0.75731426E+00 -0.21461569E-01  0.76951981E-01 -0.32344067E-02 -0.43619025E-01
 0.37149629E+00
 0.51848009E-01  0.47603495E-01  0.70439659E-01  0.84253900E-01  0.83799906E-01  0.88870995E-01  0.43527666E-01  0.19819416E-01  0.18173717E-01  0.28444074E-01
 0.25569953E-01  0.25600836E-01  0.27930375E-01  0.14770522E-01  0.18327497E-01  0.13727299E-01  0.20289725E-01  0.15083490E-01  0.19371143E-01  0.16807012E-01
 0.25170801E-01  0.32913130E-01  0.21902960E-01  0.49250342E-01  0.14651312E-01  0.14603446E-01  0.21527048E-01  0.14235857E-01  0.15241452E-01  0.21181872E-01
 0.16922543E-01  0.15324530E-01  0.26797248E-01  0.16782463E-01  0.18080749E-01  0.34185562E-01  0.48623059E-01  0.54206159E-01  0.50073422E-01  0.66610031E-01
 0.50989322E-01  0.48349544E-01  0.58918796E-01  0.60854238E-01  0.60226366E-01  0.62402532E-01  0.61326858E-01  0.62750421E-01  0.65955646E-01  0.52093763E-01
 0.60295783E-01  0.59183169E-01  0.60759630E-01  0.25501537E+00  0.29016942E+00  0.13464494E+00  0.10655823E+00  0.17603309E+00  0.80559701E-01  0.78899741E-01
 0.82257636E-01  0.61261393E-01  0.60299460E-01  0.61235934E-01  0.58169633E-01  0.60287256E-01  0.62841319E-01  0.48746388E-01  0.52459829E-01  0.64154729E-01
 0.48998997E-01  0.46089090E-01  0.10190079E+00  0.41047942E-01  0.44007927E-01  0.52257489E-01  0.45356154E-01  0.48474297E-01  0.35389014E-01  0.55039771E-01
 0.72419725E-01
 0.81000000E+02 -0.22519242E+05  0.99705081E+00 -0.22462093E+05  0.99856694E+00  0.45200485E+05  0.45612781E+05  0.45355494E+05  0.11432040E+03  0.99000000E+02
 0.13918016E+00  0.99980741E+00  0.99874619E+00  0.99810029E+00  0.11356036E-01  0.00000000E+00  0.19676807E-01  0.10000000E+01  0.13762324E-01  0.77558925E-03
