 0.26882160E-02    0.10057620E-02    0.22660926E-02    0.20865466E-02    0.12478618E-02
 0.49617457E-02    0.32190274E-03   -0.79665588E-04    0.16639712E-03    0.70987193E-02
 0.58243293E-03    0.37697315E-03    0.44443059E-03    0.40632124E-02    0.70224244E-02
-0.22959570E-03   -0.14157633E-03   -0.66633023E-03    0.33567446E-02    0.36954311E-02
 0.78980532E-02   -0.75459826E-03   -0.47632330E-03   -0.49510153E-03   -0.42895956E-04
-0.40559915E-03    0.16539236E-03    0.18946577E-02   -0.96396241E-04    0.72545340E-04
 0.92927767E-04   -0.17028851E-03   -0.28144830E-04   -0.11089642E-03    0.59254767E-05
 0.39280929E-03    0.35577727E-04   -0.17301323E-03    0.80041484E-04    0.53992693E-04
 0.27345229E-04   -0.63930054E-04   -0.10139064E-05   -0.66460193E-05    0.33028397E-03
-0.32433344E-03   -0.10544723E-03   -0.10634393E-02   -0.24198393E-04   -0.81796845E-04
 0.21984903E-03    0.17392171E-03   -0.19814098E-04   -0.43778813E-04    0.80906538E-03
 0.47968934E-03    0.29388911E-03    0.88804028E-03    0.12391796E-03    0.94083317E-04
-0.10932103E-03   -0.34263151E-04   -0.28138811E-04    0.17961730E-04   -0.22056350E-03
 0.65382247E-03   -0.16752224E-03    0.13034701E-03   -0.56281168E-03   -0.93035397E-04
-0.19248917E-03   -0.39327233E-04    0.36292693E-04    0.19866988E-04   -0.33796560E-04
 0.14345833E-03   -0.12139384E-03    0.65540276E-03   -0.53819140E-04   -0.12237047E-03
-0.15176176E-03    0.31294687E-04    0.82686192E-04    0.77079332E-04   -0.26290643E-04
 0.33413643E-04    0.39272504E-04    0.15856684E-04   -0.63198833E-05    0.10109859E-04
 0.78010586E-03   -0.56312478E-04   -0.71612071E-04   -0.39374177E-04    0.39631530E-04
 0.30867796E-04    0.23796968E-04    0.25828020E-04    0.37283583E-04    0.64599659E-05
 0.85875028E-05   -0.72964779E-05   -0.13796331E-04   -0.72439096E-05    0.21816831E-03
-0.48719727E-05   -0.37153083E-05   -0.51139971E-04    0.62222807E-04   -0.52784929E-04
-0.73560209E-04   -0.47614189E-04   -0.11945524E-04    0.20400234E-04    0.75056023E-05
 0.40118438E-04    0.30926798E-04   -0.22056429E-04    0.50324072E-04    0.33589715E-03
 0.69848700E-04   -0.11616671E-04    0.46665607E-04   -0.72949274E-04   -0.41154717E-04
-0.88668177E-04   -0.61561087E-05   -0.14879718E-05    0.27511146E-04   -0.72229239E-05
 0.20329291E-04   -0.32445065E-05    0.16060632E-04   -0.84580919E-05    0.33938187E-04
 0.18843873E-03    0.37294700E-04    0.56027041E-04    0.10818392E-03   -0.10525038E-04
 0.12659287E-03    0.54195579E-04   -0.24234802E-04    0.15821724E-05   -0.19750291E-04
 0.56602723E-05   -0.38679120E-05   -0.11322896E-04   -0.31591580E-04    0.18164167E-04
 0.60735106E-05    0.44019264E-04    0.41167290E-03    0.27612656E-04    0.23756368E-04
 0.30932318E-04    0.34210939E-04    0.83750395E-04    0.65265874E-04   -0.23032787E-04
 0.69418345E-05   -0.14512340E-04    0.17523899E-04    0.47364873E-05    0.28810467E-04
-0.10719667E-04   -0.98964595E-05   -0.13447774E-05    0.26142643E-05   -0.17080825E-06
 0.22751166E-03    0.13669440E-05   -0.30017768E-04    0.21985097E-04    0.44133164E-04
 0.21322237E-04   -0.90727722E-04    0.34618545E-04   -0.75405987E-05   -0.93056814E-05
-0.35481791E-04   -0.21390284E-04   -0.26783320E-04   -0.25865450E-04   -0.26367073E-05
-0.45850820E-04    0.51562312E-05   -0.73029228E-06    0.27760769E-04    0.37524115E-03
-0.57687453E-04    0.58350103E-04   -0.14204782E-03   -0.64936448E-04   -0.31713413E-04
-0.48390015E-04   -0.58167269E-06    0.59750839E-05   -0.13111223E-04    0.48809088E-04
 0.33706636E-05    0.82299202E-04   -0.30064652E-04   -0.52409446E-05   -0.62740675E-06
-0.16250907E-04   -0.79496320E-05   -0.37884600E-04    0.28790584E-05    0.28247567E-03
-0.77552229E-04    0.17881076E-04   -0.65229449E-04   -0.99984591E-05   -0.43033943E-04
 0.36980335E-05    0.13132596E-04    0.18465954E-04   -0.36890458E-05    0.25253942E-04
-0.76032295E-05    0.12314362E-04    0.94902993E-04    0.26526606E-04    0.37153912E-05
 0.45589808E-05   -0.58506763E-04    0.33643899E-05   -0.85707391E-04    0.46082536E-04
 0.63356926E-03   -0.57774039E-03   -0.34332244E-03   -0.98439601E-03   -0.13770802E-03
-0.81028938E-03    0.53196638E-03    0.42270394E-03   -0.50724678E-04    0.12880569E-05
 0.22888408E-03   -0.14923886E-03    0.14172192E-03   -0.21324050E-04    0.34540240E-04
 0.89157542E-05   -0.39062101E-04   -0.52634542E-04   -0.20393869E-04    0.62732168E-05
 0.24723214E-04   -0.61320862E-05    0.10832741E-02    0.13073988E-04    0.15547960E-04
-0.31732894E-04   -0.20326343E-03   -0.26045030E-03   -0.24001690E-03   -0.40482561E-04
 0.62640003E-05   -0.49156851E-05    0.28998306E-04   -0.85904772E-06    0.72220038E-04
 0.94753828E-04    0.42723778E-05    0.95261748E-05    0.27442553E-04   -0.23499893E-04
-0.43029906E-05   -0.23075839E-04   -0.10846480E-04    0.41767828E-04    0.34735001E-04
 0.47973963E-03   -0.34540823E-03    0.11448300E-04   -0.37644685E-03   -0.28383461E-02
-0.17830494E-02   -0.57722612E-03    0.92410381E-04    0.68645864E-04   -0.45331173E-04
 0.10244422E-03   -0.83729635E-04    0.53824519E-04   -0.61257146E-04   -0.25806602E-04
-0.64313497E-04    0.87074509E-05   -0.64169103E-04    0.22029408E-04   -0.55135260E-04
-0.39576702E-05    0.42170463E-04    0.43716035E-03    0.96466773E-04    0.24255960E-02
 0.15602659E-04    0.31800253E-04    0.67553427E-04    0.14276823E-03    0.58461215E-04
-0.29944655E-04   -0.64115669E-04    0.22063292E-04   -0.38504951E-06   -0.73019943E-05
-0.32523966E-05   -0.15476594E-04    0.56594373E-04    0.16442808E-04   -0.64456297E-05
 0.11882276E-04    0.52686536E-05    0.14394302E-04    0.30392197E-05   -0.13597281E-04
-0.51233005E-05   -0.52276958E-04   -0.31289369E-05   -0.95678721E-04    0.21466094E-03
-0.17503064E-04   -0.14926625E-04   -0.48184408E-04    0.82992503E-04    0.17956272E-04
 0.31759097E-04    0.18216337E-04   -0.59410113E-05    0.69906855E-05    0.51374131E-04
-0.13305767E-05    0.91222322E-05   -0.16033735E-04    0.18902924E-04    0.38275452E-04
 0.19003420E-05   -0.85162289E-05    0.11310691E-05   -0.24513179E-04    0.74372121E-05
 0.17590414E-04    0.54346064E-04   -0.20576062E-04   -0.19660429E-04    0.16183159E-04
 0.21326064E-03    0.43197059E-04   -0.43087897E-04    0.67726585E-05    0.46420674E-03
 0.20250514E-03    0.11274462E-03   -0.11186545E-04   -0.66942387E-05   -0.59275797E-07
 0.34127928E-04    0.65027534E-05   -0.14784992E-05    0.22300755E-05    0.71923234E-05
 0.26415041E-04    0.56026024E-05    0.10401516E-04    0.23825639E-05    0.17325579E-04
-0.97557890E-05   -0.10005179E-04    0.16204027E-04   -0.73475514E-05   -0.33001847E-03
 0.63533969E-04    0.57889290E-04    0.46341377E-03   -0.41872408E-04   -0.11006688E-04
-0.34917462E-04   -0.85698310E-05    0.72338229E-04   -0.10773391E-04    0.90308220E-05
 0.11052259E-04   -0.12428978E-04   -0.14985396E-04   -0.22603857E-04   -0.12450844E-05
-0.12621279E-04   -0.15152536E-04   -0.31383815E-04    0.26363688E-04    0.17404224E-06
-0.58107855E-05    0.31984441E-04   -0.24220351E-05   -0.21265209E-05   -0.11786453E-04
 0.69432171E-05   -0.47505542E-05   -0.83725842E-05   -0.42505653E-05   -0.28197358E-04
 0.20265961E-03   -0.48794972E-05   -0.21301439E-05   -0.32550469E-04   -0.50435685E-04
-0.14273799E-03   -0.12024318E-03    0.99402910E-05    0.72805999E-05    0.13822714E-04
-0.61748433E-05   -0.17296884E-04    0.95120580E-05    0.31515897E-05    0.73330799E-05
 0.47391436E-05    0.11190102E-04    0.15080247E-04    0.91640243E-06   -0.17526396E-04
 0.47602620E-05    0.17060626E-04   -0.61796741E-05   -0.25616630E-04   -0.58241464E-05
 0.44633571E-06    0.12256478E-04   -0.11172776E-04    0.21909566E-04    0.23230188E-03
-0.10074196E-03   -0.96603455E-04   -0.72373589E-04   -0.16911001E-03   -0.44359153E-03
-0.79169715E-04    0.15194533E-04    0.55205881E-05    0.28022868E-04   -0.24201354E-04
-0.37945506E-06   -0.59301465E-06    0.31163213E-04    0.15049989E-04    0.26143291E-04
-0.54452672E-05    0.48355925E-06   -0.97578105E-05    0.26093654E-05    0.45295568E-06
-0.93275560E-06    0.38082009E-04    0.30392504E-04    0.10750929E-04   -0.53240029E-05
-0.14912335E-04   -0.26521822E-04    0.16181733E-04    0.30009767E-04    0.44867170E-03
 0.98573149E-05    0.20629781E-05   -0.20443539E-04    0.37276100E-04    0.19432823E-04
-0.76445786E-04    0.70159019E-05   -0.14041145E-05    0.38805854E-05    0.78325760E-04
-0.33292879E-04    0.98388628E-05   -0.21145020E-05    0.83246124E-05    0.10209853E-05
-0.22580306E-04    0.32002137E-05    0.23465239E-04   -0.45479247E-05    0.62850287E-05
-0.15638944E-04    0.43358708E-04    0.79638398E-05   -0.38055271E-04   -0.24438343E-04
-0.38371181E-05   -0.33396868E-04   -0.26287478E-04    0.70156116E-05   -0.13904773E-04
 0.28637248E-03    0.10964780E-04   -0.30646453E-05    0.73880412E-05    0.53752140E-04
 0.16255970E-05   -0.38246128E-04   -0.59673752E-04    0.12782585E-04   -0.73399953E-06
-0.10405866E-04    0.86574274E-05   -0.21204123E-04    0.28818463E-04    0.45031436E-05
 0.72040260E-05   -0.62619347E-05   -0.45485401E-05    0.15363215E-04    0.19435362E-04
 0.43520622E-05   -0.14453539E-04    0.58633760E-05    0.90243670E-06   -0.76918455E-04
 0.24001923E-05   -0.78367698E-05    0.18069602E-04    0.44874502E-05   -0.17017675E-04
 0.11928013E-04    0.50945696E-04    0.23484122E-03    0.15345436E-03    0.76269529E-04
 0.23855412E-03   -0.17456996E-03   -0.15331268E-03   -0.11506282E-02   -0.70397187E-04
 0.56555548E-04    0.12207781E-04   -0.41880527E-04    0.27404797E-04    0.11829158E-04
 0.14691537E-04   -0.56988686E-05    0.56008508E-05    0.81917405E-06    0.58063929E-05
 0.25222832E-04    0.18627027E-04    0.93036836E-05    0.38770262E-04   -0.18414223E-03
 0.26209554E-04   -0.75663855E-04    0.25160205E-04    0.40367680E-05   -0.30300450E-04
-0.23041011E-04    0.11465984E-04   -0.70726063E-04    0.88165274E-04    0.70874263E-04
 0.71809255E-03   -0.78183835E-04    0.20818472E-05   -0.14296381E-03    0.10483918E-03
 0.92522047E-04    0.23354670E-03    0.56616983E-04   -0.13100822E-04   -0.18828182E-05
 0.53545710E-04    0.53216163E-04    0.12398710E-04    0.15086185E-04   -0.11852144E-04
 0.12388364E-04   -0.23748023E-05    0.24534155E-05   -0.21330996E-04   -0.21976111E-04
 0.28123391E-04    0.62590276E-04    0.80289859E-04   -0.60057509E-05    0.26917022E-04
-0.36623005E-04   -0.13424481E-04   -0.98672089E-05   -0.13673135E-04   -0.87362602E-05
 0.92364206E-06   -0.15129621E-04    0.69833202E-05   -0.50331758E-04    0.28165103E-03
-0.31396767E-04    0.30217538E-04   -0.37622794E-04    0.18010794E-03    0.21820596E-04
 0.23576393E-03   -0.12804166E-04   -0.65177498E-05    0.21575686E-06    0.12573894E-04
-0.36581569E-06    0.29478312E-04   -0.29326280E-04   -0.82071538E-05    0.76658403E-06
 0.35533734E-05   -0.24226390E-04   -0.10097520E-04   -0.45412041E-04    0.51055723E-04
 0.10087714E-03    0.32965447E-04    0.63256258E-04   -0.44684255E-04   -0.22847156E-04
-0.14823623E-04    0.17167303E-04   -0.17687335E-04   -0.64022329E-05    0.26167967E-04
 0.13360043E-04   -0.27370767E-04   -0.55149571E-04    0.29607008E-04    0.32691347E-03
 0.64903726E-05    0.20567362E-04   -0.14766658E-03    0.11781702E-02    0.14413823E-02
 0.17397112E-02   -0.15567468E-04   -0.18701171E-04   -0.75843335E-05    0.52521097E-04
-0.20404074E-04   -0.33571839E-04    0.34626628E-05    0.23813819E-04   -0.38730289E-04
-0.34654970E-04   -0.12084591E-04    0.31235383E-04   -0.19593380E-04   -0.31076464E-05
 0.35780520E-04    0.77465227E-04   -0.29049507E-04   -0.21530180E-03   -0.35106019E-04
-0.20921270E-05   -0.14300155E-05    0.15089370E-04   -0.47927381E-04   -0.13485792E-03
 0.37517941E-05   -0.22556518E-04   -0.19120704E-03    0.76285001E-04    0.13416570E-03
 0.11686527E-02   -0.27568821E-03   -0.50355200E-05   -0.31912485E-03   -0.29974950E-04
 0.10822357E-03    0.77337879E-04    0.44196918E-04    0.46589349E-04   -0.46181341E-04
 0.75831252E-04   -0.12305960E-03    0.69153933E-04   -0.19715388E-04   -0.79754383E-06
-0.86449872E-04   -0.21186853E-04   -0.87303205E-05   -0.19008677E-04    0.35228780E-04
 0.23457092E-04    0.32053509E-04    0.12740596E-03    0.21604853E-04    0.51858056E-04
-0.23411039E-04   -0.26715833E-05   -0.53995792E-04    0.25078500E-04   -0.16764787E-04
-0.43594860E-04    0.56228483E-04    0.52906051E-05    0.51590528E-04   -0.59214855E-05
-0.59497670E-04    0.39756327E-04    0.23642020E-02    0.28154099E-03   -0.23871962E-03
 0.75566881E-03   -0.16988706E-03   -0.14817371E-03   -0.42798780E-03   -0.44658941E-04
-0.38657700E-04    0.10805422E-03   -0.26353228E-03    0.16397644E-03   -0.13822818E-03
 0.26300452E-04    0.48734953E-04    0.41051871E-04    0.64178981E-04    0.94592821E-05
-0.44255979E-04   -0.11640637E-05    0.23142249E-04   -0.21157715E-05   -0.16140550E-03
 0.50662589E-04    0.11732804E-04   -0.17532484E-04   -0.10875158E-04   -0.67198932E-05
-0.31183817E-05    0.60135680E-05    0.49333355E-04   -0.50188299E-04   -0.40813943E-04
 0.11438793E-04   -0.82691370E-04    0.21839249E-04   -0.72594756E-04   -0.61742375E-03
 0.29383077E-02   -0.29788220E-04    0.81250700E-04   -0.12943541E-03   -0.75559858E-04
 0.66642995E-04   -0.42247673E-04   -0.54328104E-04    0.47072701E-04    0.54947022E-05
 0.66753768E-04   -0.15327452E-04    0.92215155E-04    0.37141754E-04    0.26720907E-04
 0.63054835E-04   -0.10064459E-04    0.19182954E-07    0.52429867E-04   -0.39178091E-04
 0.25157453E-04    0.97519903E-05    0.92167022E-05    0.14255010E-04   -0.18987488E-06
 0.47953650E-04   -0.32001349E-04   -0.42972889E-04    0.34708596E-05    0.31751652E-04
-0.13972450E-06    0.72234265E-05    0.38944587E-05    0.20766355E-05   -0.44249725E-04
 0.35380104E-04    0.21906660E-04    0.56515455E-03   -0.19100936E-03    0.25073476E-02
-0.64931634E-04   -0.18077119E-03    0.21005814E-03   -0.71139993E-04   -0.61188074E-04
 0.85072844E-04    0.12066836E-03   -0.59737351E-04    0.14599847E-04   -0.77908695E-04
 0.55831789E-04   -0.86526917E-04   -0.11517952E-04   -0.17976649E-04   -0.30844164E-04
 0.53979022E-04    0.10639473E-04   -0.74017267E-04   -0.67917015E-04    0.19614979E-04
 0.57366496E-04   -0.94433921E-04    0.24033390E-04    0.14937742E-04   -0.75268539E-04
-0.51539185E-05    0.80780458E-04   -0.43324686E-05   -0.10657373E-04    0.26129440E-04
-0.49581247E-04    0.16985403E-04   -0.28417558E-04    0.27126447E-04    0.45731668E-04
-0.46428134E-04   -0.10501118E-02    0.14867350E-02   -0.16011582E-02    0.44368959E-02
-0.77277736E-04   -0.20895610E-03   -0.60724439E-04   -0.39070484E-03   -0.70497206E-04
-0.11224642E-03   -0.76755236E-04    0.37364543E-04    0.35527199E-04   -0.27922734E-04
-0.67236841E-04   -0.48782335E-04    0.71591962E-04   -0.12955050E-04   -0.75841407E-04
 0.15188848E-04    0.21410853E-04    0.57133389E-04    0.37899433E-04   -0.12650617E-03
-0.16510957E-04   -0.35204792E-04    0.75871129E-04    0.13999970E-03   -0.15571986E-04
-0.30455849E-04   -0.41087268E-04    0.41082405E-04   -0.23599444E-04   -0.67641520E-04
-0.96474685E-05   -0.35543570E-04   -0.14664571E-04    0.10600114E-04   -0.43027074E-04
-0.73403930E-04    0.52675632E-03    0.86946764E-04    0.80862813E-04   -0.12392293E-03
 0.25999111E-02    0.12963912E-03    0.99190758E-04    0.89049973E-04    0.28889947E-03
-0.25985174E-03    0.10471913E-03   -0.70744822E-04   -0.13638827E-04   -0.57964039E-05
 0.40730328E-04    0.67627062E-04    0.14016229E-04   -0.56733892E-04    0.43361554E-04
 0.62562589E-04   -0.43936696E-04    0.45981940E-04   -0.34527540E-04   -0.39798031E-04
 0.34435888E-04   -0.86960667E-04    0.10473505E-03   -0.10183339E-06   -0.42639492E-04
-0.37880933E-05    0.57296757E-04    0.38078137E-04   -0.31140004E-04    0.26104369E-04
 0.68440999E-04    0.12785789E-04    0.26555385E-04   -0.39419252E-04    0.38168529E-05
 0.18110821E-04    0.31608670E-04   -0.12209182E-03    0.28806762E-03    0.10630657E-03
-0.80932589E-04   -0.84863417E-03    0.23376785E-02   -0.74330171E-04   -0.12150197E-04
 0.23421509E-03   -0.22530866E-03   -0.17504750E-03   -0.86485361E-04    0.17482188E-03
-0.46500646E-04   -0.84162479E-05   -0.14484844E-03    0.97433262E-04   -0.10069492E-03
 0.49157574E-04    0.16997262E-04    0.29710735E-04    0.10709974E-04    0.21654456E-04
-0.22111070E-04   -0.30590149E-04   -0.79821998E-04   -0.27610467E-04   -0.67801161E-04
-0.44827978E-04    0.95583551E-04   -0.94703260E-05   -0.48575312E-04    0.39430016E-04
 0.33639834E-04   -0.23352125E-05    0.79355559E-05   -0.11622595E-03    0.13427672E-04
-0.75503482E-04    0.35883777E-04    0.46734178E-05   -0.30393819E-04   -0.15479413E-02
 0.36539748E-03   -0.38751168E-03    0.53848781E-03   -0.43443868E-03    0.81198237E-04
 0.34714245E-02    0.22107920E-03    0.68876801E-05    0.54623940E-04    0.51700233E-04
-0.76435503E-04   -0.17266019E-03   -0.96752171E-04    0.43672080E-05    0.46392674E-04
 0.59312844E-04    0.53999477E-04    0.57162957E-04   -0.29041087E-04    0.30220178E-04
 0.83157420E-04   -0.41174433E-04   -0.35104867E-04    0.10952394E-03   -0.19619905E-04
 0.55023157E-04    0.71864608E-05   -0.16065393E-03    0.35816524E-04   -0.63125090E-04
 0.23597813E-04   -0.54492785E-05    0.25033890E-04   -0.81189622E-04   -0.11258627E-04
 0.34840274E-04    0.19149983E-04   -0.35114875E-04    0.16734857E-04   -0.11386557E-04
 0.50188979E-04    0.37303029E-04   -0.12920017E-02    0.32762166E-03   -0.28651622E-03
 0.62886530E-03   -0.16194241E-03   -0.11144429E-04    0.16358426E-03    0.37032381E-02
 0.42997448E-03   -0.19403381E-03    0.11423831E-03    0.13125309E-03   -0.16928346E-03
-0.12101481E-03   -0.90012828E-04   -0.41834356E-04    0.27795946E-04    0.36813913E-04
 0.61103203E-04   -0.69506460E-04    0.54986439E-04   -0.81251244E-05    0.39089522E-05
 0.42415701E-04    0.57317863E-05    0.17778700E-04    0.39113498E-05    0.34437967E-04
-0.35326586E-04   -0.34317429E-04   -0.29927791E-04   -0.61163448E-04    0.22317747E-04
-0.25391106E-05    0.40868957E-04   -0.19341534E-04    0.45569546E-04    0.19012720E-04
 0.22887831E-04    0.62091372E-04   -0.13685438E-04    0.10347694E-04    0.32384158E-04
-0.72927719E-04   -0.11942032E-02    0.15403748E-03   -0.29715784E-03    0.33290488E-03
-0.47938138E-03    0.16570112E-03    0.19626349E-03   -0.43993861E-03    0.36272150E-02
 0.62917426E-03    0.51450059E-03   -0.21950413E-03    0.15096606E-03    0.43446472E-03
 0.28325250E-03   -0.34486407E-03   -0.10957663E-04   -0.11405144E-03    0.10261784E-03
-0.61599429E-04    0.13682655E-03   -0.96528378E-04   -0.70391073E-04   -0.62202765E-04
-0.91350042E-04   -0.80218121E-04    0.48353043E-04    0.61929650E-04    0.13342127E-04
 0.12191735E-04   -0.14552642E-04   -0.84504537E-04   -0.87620066E-04   -0.48490238E-04
-0.13826579E-04   -0.30170420E-04   -0.10894079E-04   -0.62348803E-05   -0.10573429E-03
 0.95520810E-04    0.22937931E-04    0.12104143E-04    0.46165879E-04    0.18650222E-04
 0.43365567E-04    0.40936483E-03   -0.17929863E-02    0.16444014E-03   -0.83696804E-03
-0.60366007E-04   -0.11954941E-03   -0.98332726E-03   -0.10093573E-03    0.58958639E-04
 0.38940760E-02   -0.20872409E-03    0.30569386E-03   -0.12001024E-03    0.11099833E-03
-0.92325353E-04   -0.96878312E-06    0.61184102E-04    0.13240804E-03   -0.54321340E-04
 0.81622839E-04   -0.66543276E-04   -0.11403880E-03    0.63987368E-04   -0.36041766E-04
-0.21696533E-04    0.31467579E-04    0.12732475E-03   -0.46672318E-04    0.12495608E-04
-0.83815173E-05   -0.41487844E-04    0.11251365E-03   -0.24986427E-04   -0.17817819E-04
 0.77586659E-04    0.30663210E-04    0.10475658E-03    0.90371831E-05    0.40940448E-04
-0.90579883E-04   -0.13424555E-04    0.48263312E-04    0.59011333E-04   -0.18076023E-04
-0.40542004E-05   -0.27239151E-04    0.15904243E-03   -0.14856361E-02    0.52214756E-04
-0.74499025E-03   -0.17369693E-03    0.10208078E-03   -0.83059890E-05   -0.70427323E-03
 0.34560859E-03    0.28075586E-03    0.37609833E-02   -0.78319535E-03   -0.13142702E-04
-0.11270502E-02   -0.43027576E-04    0.10033579E-03    0.57551125E-03    0.14716005E-03
 0.25301251E-04   -0.61817799E-04    0.29042998E-03   -0.24312816E-03    0.18440535E-03
-0.58492104E-04   -0.52840731E-05    0.23001312E-04   -0.54775467E-04   -0.11497210E-03
 0.53988399E-04   -0.48825143E-04    0.94769291E-06    0.50334413E-04    0.16778633E-03
 0.19518342E-04    0.20783020E-03    0.48226265E-05    0.24721534E-04   -0.68476513E-04
-0.15664059E-04   -0.29962636E-04    0.56720500E-04   -0.45879426E-05   -0.23246536E-04
-0.38613292E-04    0.11540068E-03    0.21025984E-04    0.89206727E-04    0.20710195E-03
-0.16348019E-02    0.10786492E-03   -0.78686971E-03    0.12287143E-04   -0.32536830E-03
 0.79056873E-04    0.23284235E-03   -0.87208807E-03    0.29490370E-03   -0.27758773E-03
 0.39376153E-02    0.35029548E-03   -0.25466477E-03    0.93743158E-03    0.52883159E-03
 0.20207168E-03    0.28226756E-03   -0.80858854E-03   -0.26657141E-04   -0.32619070E-04
-0.33953858E-03    0.21994281E-03   -0.76483654E-03   -0.40702245E-05   -0.14569585E-04
-0.11823485E-03   -0.17807598E-04    0.10217763E-03   -0.34017919E-04    0.22800864E-05
-0.10448777E-03   -0.27132837E-04   -0.73117097E-05    0.16210086E-04   -0.25459288E-03
 0.32696991E-04   -0.19112243E-04    0.66534285E-04   -0.66514537E-05    0.24348565E-04
 0.48759780E-04   -0.38517262E-05    0.62959477E-04   -0.31218173E-04   -0.33663714E-04
 0.65399944E-04    0.18418699E-03   -0.65594155E-04    0.23560453E-03   -0.15477157E-03
 0.22991529E-03    0.24477246E-03    0.11721290E-03   -0.51661399E-04   -0.17607349E-04
 0.81587988E-04   -0.18959895E-03    0.33231714E-03   -0.51402480E-03    0.43501475E-02
 0.22596381E-03    0.30439910E-03    0.45193981E-03   -0.39815070E-03    0.79757186E-04
-0.76535891E-03    0.95129063E-04    0.97970841E-06    0.53044723E-04   -0.95791384E-04
 0.11999660E-04    0.11259446E-03   -0.15423298E-03   -0.37897115E-04   -0.12738531E-04
-0.59236822E-05   -0.56706837E-05    0.13348686E-04    0.61782445E-04    0.63176263E-04
-0.64390478E-04   -0.43130749E-03   -0.44159764E-03    0.27607581E-03   -0.45010866E-04
-0.12264994E-04   -0.79505782E-04   -0.14167579E-04    0.42789204E-05    0.33978835E-05
-0.42934921E-04   -0.26621472E-04    0.96024232E-04   -0.15135155E-04   -0.11802448E-03
-0.12876359E-03   -0.10944264E-04   -0.24897132E-04    0.14898436E-03   -0.15642024E-03
-0.22097077E-03    0.24799130E-05    0.81297526E-04    0.88331573E-04    0.32264409E-06
 0.14168644E-03   -0.75084879E-04    0.28488664E-05   -0.16154480E-02    0.27137600E-02
-0.76246855E-04   -0.20382921E-03   -0.49720635E-04    0.26838486E-06    0.60489641E-04
 0.12682441E-03    0.12580158E-03    0.41280420E-04   -0.35769380E-05    0.54901235E-04
-0.14939616E-04   -0.30877557E-04    0.32549932E-04   -0.88000006E-05   -0.39656705E-04
 0.72150087E-04    0.11027355E-03   -0.31212126E-04    0.60446358E-05    0.13262112E-04
-0.28948723E-04   -0.13367163E-04    0.71969814E-04    0.66928179E-04    0.28359106E-04
-0.46930960E-06    0.18588630E-04    0.56794506E-04   -0.43548713E-04   -0.43985172E-04
-0.27756697E-04   -0.28591198E-04    0.50956472E-04    0.56115290E-05    0.38576132E-05
-0.33985905E-04   -0.46384251E-03    0.28025932E-03   -0.14443989E-02    0.98893117E-03
-0.38606276E-04   -0.13168433E-03    0.73002829E-03   -0.43408815E-04    0.31169313E-03
-0.58744393E-03    0.73373449E-04   -0.95810493E-04   -0.18332425E-03   -0.23007295E-03
 0.36355814E-02    0.37481174E-04   -0.53497900E-04    0.28414281E-04    0.45996166E-04
-0.19967818E-03   -0.13244262E-03    0.64010474E-04   -0.44127870E-04   -0.16496506E-04
 0.19197701E-05    0.73514821E-05   -0.37005667E-04   -0.67713055E-04    0.79761931E-05
-0.42692246E-04   -0.94758497E-04   -0.55012846E-04   -0.56208602E-05   -0.43423867E-04
 0.57645649E-05    0.39037490E-04    0.49468321E-04   -0.53247107E-04   -0.21335646E-04
-0.50741355E-04   -0.79289373E-05    0.13080446E-04   -0.33201092E-04    0.15646843E-04
 0.20946880E-04    0.26004227E-04   -0.37045694E-04   -0.12915456E-04    0.45980081E-04
 0.23866216E-05    0.10006666E-03   -0.35431519E-03    0.11894831E-03   -0.13920943E-02
 0.10131352E-02    0.34077331E-04   -0.86761255E-04   -0.13091725E-04    0.90379653E-03
-0.18231505E-05    0.99129834E-04   -0.25575095E-03    0.78358300E-04    0.85553537E-05
 0.36663830E-04   -0.12662759E-03    0.35026476E-02    0.12864234E-03   -0.12629967E-03
 0.24329560E-03   -0.41751878E-04   -0.37028044E-03   -0.19205724E-03    0.54136066E-04
-0.25077490E-04    0.63968460E-05   -0.15589653E-03    0.22231591E-04   -0.19563831E-03
-0.11435027E-03   -0.26533887E-04   -0.51883836E-04    0.15416555E-04   -0.20743823E-04
-0.34846762E-04    0.75578262E-04   -0.90859705E-04   -0.37035456E-05    0.48505192E-04
-0.10211182E-03    0.61529287E-04   -0.19532137E-04    0.62610150E-04    0.59268309E-04
-0.45110643E-04   -0.22724802E-04   -0.59251463E-05    0.12751711E-04    0.46982657E-04
 0.43505348E-04   -0.11829151E-05   -0.32156630E-04   -0.23234872E-03   -0.11006352E-03
-0.20733156E-04   -0.13265434E-02    0.69751128E-03   -0.75208977E-04   -0.99243053E-04
 0.10755181E-03   -0.27182273E-03    0.71757202E-03   -0.40298811E-04    0.17061600E-03
-0.43862048E-03    0.65774957E-03   -0.24048919E-03    0.23689558E-04   -0.24056996E-04
 0.36917326E-02   -0.32676054E-02    0.32661786E-03   -0.36241277E-02   -0.29071029E-02
-0.88343549E-03   -0.12841628E-02    0.49788678E-02    0.41570820E-03   -0.19675252E-03
 0.13386158E-02   -0.76781422E-03    0.29525937E-02    0.39688291E-03    0.10463778E-03
 0.86151577E-04   -0.35887549E-04   -0.16579323E-03    0.23761699E-03   -0.22098788E-03
 0.58565141E-03    0.61150460E-03   -0.44101361E-03   -0.18326519E-03    0.10436268E-02
-0.18764065E-03   -0.11757847E-03   -0.38194583E-03   -0.11612959E-03    0.10148913E-03
-0.24599956E-03   -0.11807460E-03   -0.55279181E-03    0.28595586E-03    0.51537682E-04
-0.19613714E-03   -0.72316894E-03    0.35707963E-03   -0.65700805E-03    0.72196205E-03
 0.19579431E-03   -0.66186182E-03   -0.59213764E-03    0.64538927E-03    0.30327484E-03
-0.16510895E-02   -0.22381340E-03   -0.13697892E-02    0.27428354E-02   -0.11227655E-01
 0.42995127E-02    0.72480134E-03   -0.31851075E-03   -0.26350037E-02    0.65032837E-01
 0.34327064E-02   -0.65465365E-03    0.28764345E-02    0.34703568E-02    0.12940528E-02
 0.22586168E-02   -0.58747949E-02   -0.45112361E-03    0.27579085E-03   -0.14059818E-02
 0.50700101E-03   -0.31049954E-02   -0.16747840E-03   -0.72228953E-04   -0.70685546E-04
 0.50750559E-04    0.10289217E-03   -0.34930689E-03    0.24531464E-03   -0.83722542E-03
-0.62671461E-03    0.68435140E-03    0.14098278E-03   -0.10991798E-02    0.23405157E-03
 0.10264395E-03    0.53284474E-03    0.13838453E-03   -0.11206552E-03    0.43154954E-03
 0.16590414E-03    0.69688754E-03   -0.42503220E-03    0.17417588E-04    0.11574524E-03
 0.83142863E-03   -0.28712742E-03    0.46069042E-03   -0.80289375E-03   -0.41211650E-03
 0.87314655E-03    0.44479415E-03   -0.45264508E-03   -0.64592218E-03    0.19335655E-02
 0.36763268E-03    0.15972220E-02   -0.25476427E-02    0.10730612E-01   -0.42349850E-02
-0.62350744E-03    0.29107840E-03    0.27168437E-02   -0.71032318E-01    0.84198296E-01
-0.16992474E-02    0.14639471E-03   -0.27312196E-02   -0.13133617E-02   -0.52265459E-03
-0.59753432E-03    0.19429784E-02    0.28689734E-03   -0.13192249E-03    0.86426366E-03
-0.55243551E-03    0.16957173E-02    0.10684314E-02    0.28275139E-04    0.10235999E-03
 0.76014546E-04   -0.99267725E-04    0.12199072E-03   -0.79585583E-04    0.30404561E-03
 0.48356052E-03   -0.74627582E-05   -0.13031423E-03    0.58995043E-03   -0.19335531E-04
-0.28781073E-04   -0.19689410E-03   -0.27705825E-04    0.62457141E-04   -0.12736889E-03
-0.51760645E-04   -0.21457173E-03    0.22124166E-03    0.64987746E-04   -0.15537016E-03
-0.30746791E-03    0.33580040E-03   -0.61405142E-03    0.34331260E-03   -0.27351232E-05
-0.15465157E-03   -0.36398994E-03    0.97126883E-04    0.35353229E-04   -0.77428009E-03
 0.10213503E-03   -0.23301427E-03    0.14588116E-02   -0.52930410E-02    0.18796269E-02
 0.26712047E-03   -0.18602402E-03   -0.13505098E-02    0.30292784E-01   -0.32666061E-01
 0.18129258E-01    0.44288973E-03   -0.46057896E-03   -0.14290407E-03    0.11307667E-02
-0.63902679E-03    0.51843493E-03   -0.10362886E-02   -0.18783532E-03   -0.37681111E-04
-0.52415632E-04   -0.46730338E-05   -0.68416125E-03   -0.86888967E-04    0.19857494E-04
 0.39328450E-04    0.52801960E-04   -0.73866273E-05   -0.96179589E-04    0.42885500E-04
-0.24434632E-03   -0.17029267E-03    0.94446131E-03    0.62959247E-03   -0.56408152E-03
 0.54225505E-04    0.10822217E-03    0.22450384E-03    0.36795486E-04   -0.93987300E-05
 0.13724978E-03    0.98281779E-04    0.14403856E-03   -0.13442568E-03   -0.30525439E-04
 0.21106429E-03    0.24066194E-03   -0.12830982E-04    0.17975564E-03   -0.26217983E-03
 0.22345942E-03    0.37622646E-03    0.22531904E-03   -0.44104419E-03   -0.13332763E-03
 0.68927491E-03   -0.15675580E-04    0.35752748E-03   -0.79298755E-03    0.35935273E-02
-0.32189447E-02    0.13082172E-03    0.21555179E-03    0.89475729E-03   -0.21370602E-01
 0.23077419E-01   -0.10116249E-01    0.11354655E-01    0.16918698E-03    0.63413114E-03
 0.18138641E-02   -0.22324541E-02    0.35072958E-02    0.95754666E-04    0.60581794E-03
 0.27257986E-03   -0.68046102E-05   -0.39616515E-03    0.17151681E-03   -0.17843805E-05
-0.23358573E-03   -0.23139860E-04   -0.33635938E-03    0.17552893E-05    0.14059475E-03
 0.23905175E-03    0.11982187E-03    0.20330217E-03   -0.69184124E-04   -0.23902263E-02
-0.15562281E-02    0.13616120E-02   -0.23797943E-04   -0.21816896E-03   -0.38123622E-03
 0.10440399E-03    0.43378590E-04   -0.57256535E-03   -0.37579776E-03   -0.37554603E-03
 0.14486033E-03   -0.15340107E-03   -0.55282333E-03    0.35597486E-03   -0.14320692E-03
-0.78651759E-04    0.91890715E-04   -0.30820742E-03    0.11935722E-03   -0.80886656E-03
 0.79741016E-03    0.25037212E-03   -0.89193009E-03    0.26321185E-03   -0.49840401E-03
 0.74500891E-03   -0.28119578E-02    0.39766387E-02    0.44277760E-03   -0.20777390E-03
-0.58196157E-03    0.22023844E-01   -0.25483393E-01    0.98607939E-02   -0.12766737E-01
 0.30987648E-01    0.72564083E-03    0.54950868E-03    0.15243473E-03    0.13555507E-04
 0.36655596E-03    0.99786407E-04   -0.58849826E-03   -0.43823167E-04    0.65225737E-04
-0.37222241E-05    0.13380821E-04   -0.40429047E-04    0.93992447E-04   -0.58576697E-04
-0.85305559E-04   -0.11204197E-03   -0.82408194E-04    0.79685177E-04    0.12842345E-03
 0.15370850E-04    0.26700102E-05   -0.20700456E-04   -0.26448534E-03    0.35453128E-04
 0.11830710E-04    0.28880270E-04   -0.11353117E-03    0.64803642E-05    0.22259197E-04
-0.95315648E-04    0.20011776E-04    0.13395819E-04   -0.60174616E-04   -0.28131534E-04
-0.12457522E-03    0.11074429E-03    0.74984633E-03   -0.89322911E-03    0.97866319E-03
-0.27165109E-02    0.10612840E-03    0.93766966E-04   -0.11142890E-02   -0.31635742E-03
-0.14119648E-03    0.21473424E-02    0.37486854E-03   -0.31147117E-03    0.17149200E-03
 0.41496476E-03   -0.22396050E-02   -0.15704284E-03    0.74075794E-04   -0.23745787E-02
 0.27711709E-02   -0.37352092E-03   -0.35167920E-03    0.11069795E-02    0.64898658E-02
 0.15078247E-03    0.28811779E-03    0.60531069E-04    0.48984959E-03   -0.71175725E-04
 0.85516534E-04   -0.33786930E-03    0.75567417E-04   -0.34079424E-04    0.66829535E-05
 0.18142926E-06   -0.17507845E-04    0.17944666E-04   -0.88979521E-06    0.91988371E-04
 0.87760422E-04    0.45026492E-04   -0.50281882E-04    0.47678161E-04    0.17208932E-04
-0.10139732E-03    0.14480274E-03    0.13854637E-03   -0.16884211E-03    0.12639110E-03
 0.90076625E-04    0.12316598E-03    0.21906497E-04    0.54048234E-04   -0.81778998E-05
 0.33508381E-04    0.10606132E-03    0.51702416E-04   -0.78863275E-04    0.32093902E-04
-0.12605722E-03    0.56677854E-03   -0.68956784E-03    0.89125785E-03   -0.23643823E-02
-0.13541683E-03    0.42763190E-03   -0.23145164E-03   -0.14388003E-02    0.49441932E-03
 0.82005169E-04    0.17911950E-02   -0.28053570E-03    0.33771875E-03   -0.33079463E-03
 0.51305424E-04   -0.23008938E-02    0.25079351E-03   -0.31199820E-02    0.39748352E-02
-0.12992555E-02    0.13189098E-02   -0.27576002E-02    0.26482877E-03    0.62251688E-02
-0.44242031E-03    0.21826933E-03   -0.22037942E-03   -0.92945374E-03   -0.30749122E-03
-0.19271007E-03    0.31992324E-03    0.70243338E-04   -0.82798663E-05    0.72071977E-04
-0.11193570E-03    0.20352591E-03   -0.34211853E-04    0.15921720E-04    0.61845697E-04
-0.21063787E-04   -0.46201217E-04    0.11246300E-03   -0.42935293E-04    0.42119751E-05
 0.44414226E-04   -0.10085995E-03    0.27563639E-04    0.43354463E-03   -0.10355771E-04
-0.59593423E-04   -0.24230571E-03    0.14550680E-04    0.37641701E-04    0.40046414E-04
-0.48325997E-04   -0.64203849E-04    0.29733969E-05    0.45024199E-04   -0.52453210E-04
 0.24723657E-04    0.22806204E-03   -0.74508599E-03    0.76979728E-03   -0.22124571E-02
 0.40837510E-05   -0.22484737E-03    0.19365583E-03    0.61148360E-03   -0.16402047E-02
-0.17331475E-04   -0.40795273E-03    0.22628336E-02   -0.11033602E-02    0.57989319E-03
-0.15000301E-04    0.38735427E-04   -0.24072057E-02    0.60692259E-02   -0.66978225E-02
 0.26173770E-02   -0.28341363E-02    0.35344120E-02   -0.26562074E-04   -0.76172807E-03
 0.67663181E-02   -0.77292897E-04    0.41471325E-04    0.60492534E-04    0.62432728E-03
 0.21051221E-03    0.34020102E-03    0.15049562E-03   -0.47186950E-04   -0.20543717E-05
-0.28878479E-04    0.10626083E-03    0.47582946E-05    0.11103731E-04    0.12576643E-05
 0.48814373E-04   -0.55327255E-05   -0.13145597E-04    0.30776287E-04    0.57188822E-04
 0.10785023E-03   -0.14346818E-04    0.48125899E-04   -0.10891496E-03   -0.34749202E-03
 0.30975976E-04    0.98606885E-05    0.73256504E-04    0.44438351E-05    0.12952426E-04
 0.10377088E-04   -0.29320602E-05    0.66030730E-04   -0.47503855E-04   -0.56633639E-04
-0.17636174E-04    0.27596987E-04   -0.38547283E-03   -0.16402674E-05   -0.37567640E-04
 0.32138907E-04   -0.16403903E-02    0.63818913E-03    0.10020197E-02   -0.39336760E-04
 0.17443186E-03   -0.97986970E-04    0.52103566E-04    0.38747474E-04   -0.72815998E-04
-0.37476160E-04   -0.17311699E-03   -0.12546333E-03    0.54489143E-04    0.93565846E-03
-0.12119859E-02    0.43882527E-03   -0.47185647E-03    0.75309755E-04    0.37679515E-03
-0.22779675E-04   -0.70134315E-05    0.37529582E-02    0.14725361E-03    0.13299018E-03
-0.78165586E-05    0.30545065E-03    0.37733111E-03   -0.87210227E-04   -0.32297118E-04
 0.14042109E-04   -0.52999906E-04    0.12682584E-03    0.54889371E-04    0.11980846E-04
-0.42015304E-04    0.46705246E-04    0.10875472E-03    0.44139004E-04   -0.51059749E-05
-0.40091911E-04   -0.40283808E-04    0.64724890E-04    0.38309384E-04   -0.35011432E-04
 0.95226124E-04   -0.75134203E-04    0.14446535E-04   -0.27619376E-04    0.17540782E-04
-0.55315603E-04   -0.50988829E-05   -0.40344609E-04    0.43575398E-04    0.58424988E-04
-0.15460512E-04    0.35918736E-04    0.38640488E-04    0.14513349E-03   -0.19104719E-03
-0.36223993E-04    0.10776296E-03    0.41982043E-04   -0.13695223E-02    0.45843530E-03
-0.14441162E-03    0.97059383E-03    0.30853869E-04    0.98845220E-04    0.13989668E-03
-0.15829362E-03    0.49432277E-04    0.51758898E-04   -0.10118472E-03   -0.12928673E-03
-0.68297256E-04   -0.16005122E-03    0.34047673E-04   -0.15725232E-03    0.79892846E-04
-0.62060543E-03   -0.14329219E-03    0.38498971E-03   -0.14491764E-03   -0.14626463E-06
 0.36360249E-02    0.89443757E-04    0.97802522E-04    0.47182542E-04   -0.74489942E-03
-0.10097986E-02   -0.46411606E-03    0.53753771E-04   -0.45612699E-04    0.38719131E-04
 0.24880398E-04    0.34280481E-04    0.61583685E-04   -0.12146674E-03   -0.23125112E-04
-0.70445480E-04   -0.38245900E-04   -0.83684030E-04   -0.69305468E-04   -0.50261974E-05
 0.72139682E-04   -0.44833762E-04    0.93918387E-04   -0.61747384E-05    0.48826942E-03
-0.24358739E-04   -0.14789163E-04   -0.78784334E-04   -0.25641900E-04    0.64737529E-04
 0.65462930E-04   -0.34217321E-04   -0.18124100E-04    0.24274440E-04    0.27900201E-04
 0.63811145E-04   -0.14685055E-03   -0.39665337E-03    0.12282726E-04   -0.71835731E-04
 0.92417144E-04   -0.15361086E-02    0.61256328E-03    0.22085894E-03   -0.83897971E-04
 0.10197520E-02    0.12361361E-03    0.19025114E-04   -0.54495177E-04   -0.27068898E-03
 0.40085550E-03    0.26877458E-03   -0.89441773E-04   -0.27264143E-04    0.74226818E-03
-0.95403872E-03    0.18648822E-04   -0.43917499E-03    0.10451891E-03   -0.19585560E-03
 0.18528865E-04    0.43209951E-03    0.17572055E-03    0.18672453E-03    0.37498395E-02
 0.60131517E-05   -0.94096859E-04   -0.10591680E-03   -0.91822808E-03   -0.14458261E-03
-0.50654370E-03    0.65742068E-05    0.46074273E-04   -0.47183050E-04    0.33407513E-04
-0.14185774E-03    0.42071102E-04    0.27983133E-04   -0.22765014E-04   -0.20871776E-04
 0.46126607E-04    0.43925606E-04   -0.32229627E-05    0.76450757E-04   -0.68193879E-04
 0.80697197E-05   -0.78818699E-04    0.55003122E-04    0.46380864E-03    0.36620051E-04
-0.77806587E-04   -0.47920189E-04   -0.15055432E-04   -0.36991277E-04   -0.55483761E-04
 0.26726786E-04   -0.46236458E-05    0.13563297E-03    0.39606982E-04   -0.49192822E-04
-0.18005762E-03    0.16734084E-03   -0.29606888E-03   -0.13243072E-03    0.13671918E-03
 0.52555006E-03   -0.14353642E-02   -0.19822187E-03    0.44483282E-04   -0.96522079E-04
 0.30060343E-03   -0.18756662E-04    0.18537299E-03   -0.21779612E-03    0.10076791E-03
 0.31332610E-03    0.74687589E-05    0.19696938E-03    0.69942928E-03   -0.39230464E-03
 0.60317515E-03   -0.28858408E-03    0.82764834E-03   -0.69379669E-03    0.51938257E-04
 0.22653478E-05   -0.14769026E-02    0.78066967E-04    0.41542466E-05    0.33837063E-02
-0.13624993E-04   -0.74783273E-05    0.46845913E-04   -0.24293376E-03   -0.18063368E-03
 0.79685495E-04    0.82988432E-04   -0.20714180E-04    0.27545492E-05   -0.30117819E-04
-0.33893548E-04    0.75509740E-05    0.76511101E-04   -0.37002857E-04   -0.98853754E-04
-0.38294872E-04    0.12566370E-04    0.40821282E-04   -0.10400741E-04   -0.11539487E-04
 0.36281509E-05   -0.76822918E-04   -0.75610954E-04    0.47296912E-04    0.33981546E-04
-0.63126038E-05   -0.74897993E-04    0.13119306E-04   -0.71637615E-05   -0.31681464E-04
-0.39082174E-04   -0.12217691E-03   -0.90115269E-04   -0.44928717E-04   -0.30804156E-04
 0.40954461E-04   -0.14451627E-04    0.19369075E-04    0.22125172E-04    0.87836966E-04
 0.57447247E-03   -0.13349921E-02    0.41943780E-04   -0.13168013E-03   -0.83392520E-04
-0.61508762E-05    0.21903753E-03   -0.66084894E-04   -0.14965502E-03    0.46270651E-04
-0.36614568E-04    0.26177696E-03   -0.11462047E-03    0.84929519E-03   -0.81242289E-03
 0.51416088E-03   -0.45189952E-03    0.67512038E-03    0.19172118E-03   -0.83199723E-03
 0.32829437E-03   -0.12460393E-03   -0.14344393E-02   -0.17432755E-03    0.61377328E-04
 0.36345530E-02   -0.50957051E-04   -0.21547961E-04   -0.63461753E-04    0.16852190E-02
 0.21779998E-02    0.10211007E-02   -0.34738334E-04    0.15670554E-05    0.25934555E-04
-0.76352323E-04    0.18141910E-04   -0.40973437E-04    0.14599571E-03   -0.14554153E-04
 0.43342821E-04    0.45381498E-04   -0.76014562E-04    0.29499926E-04    0.29478445E-05
-0.40725521E-06    0.13056756E-04   -0.24152897E-03   -0.67043231E-04   -0.10105491E-02
 0.16091112E-04    0.37088099E-04    0.79539063E-04    0.34787794E-04   -0.67816526E-04
-0.12795713E-03    0.43693818E-04    0.49908045E-04    0.26272563E-04   -0.24415839E-04
 0.53303605E-04    0.36990443E-03    0.58495255E-04   -0.22158255E-03   -0.16475852E-03
 0.10388400E-03    0.38986380E-03   -0.11793322E-02   -0.52619307E-04   -0.44765347E-04
-0.22440160E-03    0.81387292E-04   -0.21428299E-03    0.58328184E-03   -0.11709280E-04
-0.16674939E-03    0.99973205E-04    0.13290755E-03   -0.11381513E-03    0.39983621E-05
 0.42247447E-03    0.14130614E-03   -0.60821553E-04    0.56365806E-03   -0.78858136E-05
-0.18950032E-03   -0.28679956E-03    0.16912437E-03   -0.93972774E-04   -0.17416138E-02
-0.13932956E-03   -0.24603324E-03    0.39490312E-02    0.34767491E-03    0.58099071E-04
 0.30805738E-03    0.10623937E-03    0.34897500E-03    0.30149880E-05   -0.11894203E-02
-0.26758953E-04    0.13369257E-04   -0.22228406E-03    0.79145654E-04    0.46024330E-04
 0.32803141E-04   -0.14488764E-04    0.28674238E-04   -0.22217749E-04    0.15632183E-04
-0.64063752E-06   -0.81222275E-05    0.39706029E-04   -0.22990415E-04   -0.18993440E-03
-0.22345159E-04    0.49148975E-04    0.81758015E-05   -0.17822624E-04   -0.13997483E-04
 0.53012028E-04   -0.12666925E-04    0.43194006E-04   -0.38014418E-04    0.58603071E-04
 0.23957045E-04    0.84761285E-05   -0.77642178E-05    0.80737044E-04    0.81957965E-04
 0.10322089E-03    0.14028136E-04   -0.87971741E-04    0.96561950E-04    0.13383256E-03
-0.28000750E-03    0.17684159E-03    0.27284466E-04    0.83797383E-04    0.10821717E-03
-0.28291174E-03    0.12353260E-02   -0.15370362E-03   -0.24371273E-03    0.33926125E-04
 0.58323842E-04   -0.58242793E-02    0.59436136E-02   -0.19231822E-02    0.12342116E-02
-0.68963216E-03    0.62402466E-03    0.16028644E-03   -0.42191879E-03   -0.15165292E-03
 0.18671043E-03   -0.55454680E-04   -0.75631475E-04   -0.15600918E-03   -0.12040776E-03
 0.23762104E-02   -0.11564293E-02   -0.79578850E-03   -0.10736286E-02   -0.24156912E-03
-0.62369620E-03    0.14420260E-03    0.17107819E-02    0.18948566E-04    0.63639948E-05
 0.36784190E-03   -0.16774680E-03    0.24760264E-04    0.30133215E-04    0.61485143E-04
-0.24848732E-04   -0.41265703E-04   -0.44048592E-04   -0.35533814E-04   -0.27850068E-04
-0.11397873E-04    0.13092990E-04    0.44349631E-03    0.49422314E-06    0.16613376E-03
-0.44985359E-04   -0.60060736E-05   -0.43986021E-04   -0.12398842E-05   -0.35366446E-05
 0.50745046E-04    0.23383865E-04   -0.84971971E-04   -0.95674426E-04    0.51580157E-04
-0.19874506E-04   -0.58293869E-04    0.55524330E-04   -0.36020952E-05    0.50616922E-04
 0.21231978E-03   -0.84867727E-04   -0.89470517E-04    0.25551864E-03    0.35922866E-04
-0.23093458E-03   -0.40913510E-03   -0.19612861E-03    0.36199555E-03   -0.96223510E-03
 0.73870611E-04    0.22521864E-03    0.13775743E-03   -0.20549649E-03    0.74294752E-02
-0.84276750E-02    0.27375297E-02   -0.15250851E-02    0.91364894E-03   -0.91861117E-03
-0.62594919E-03    0.57511143E-03    0.20828630E-03   -0.38560885E-04    0.99701476E-04
-0.67156950E-04    0.95475127E-04    0.59620576E-05   -0.15081692E-02    0.27520335E-02
 0.14889119E-03   -0.46863099E-04   -0.12598260E-02    0.15528840E-03    0.45338341E-03
 0.16013563E-03   -0.17175351E-02   -0.62383337E-04    0.32913555E-05    0.84177441E-04
-0.34847730E-03    0.21087570E-03    0.14866626E-03   -0.64829936E-04    0.42582165E-04
 0.63734742E-04    0.10948016E-04   -0.68375951E-05    0.26441891E-04    0.23310552E-04
-0.51144971E-04   -0.65600022E-04   -0.23289153E-04    0.40088232E-04    0.48119825E-04
-0.14669329E-04    0.61197735E-04    0.40790305E-04   -0.15996778E-04    0.43057919E-04
-0.73004746E-06    0.65940955E-04    0.47180332E-04   -0.71542207E-04   -0.15381222E-04
 0.82466722E-04    0.82663568E-04   -0.30252872E-03    0.24290280E-04   -0.34988809E-03
 0.16800933E-03   -0.70682021E-04   -0.19481230E-03   -0.77006517E-04    0.20765100E-03
 0.43863015E-03    0.17780943E-03    0.20061875E-03    0.50183961E-03   -0.30242840E-03
-0.12003098E-04   -0.14392582E-03    0.11574212E-03   -0.65646780E-02    0.94020630E-02
-0.17978962E-02    0.18433915E-02   -0.18405556E-02    0.80346487E-03    0.54596448E-03
-0.47804043E-03   -0.27802974E-03   -0.24909537E-04   -0.19737244E-03    0.10825734E-03
-0.14529942E-03    0.33203422E-03    0.13720062E-02   -0.19813541E-02    0.41158294E-02
-0.87030741E-03   -0.14284001E-03   -0.16127139E-02   -0.39857826E-03   -0.45656371E-03
-0.12435954E-03    0.82372062E-03    0.23150106E-04   -0.52808617E-04    0.45698837E-03
-0.29599000E-03    0.71968487E-03    0.10105595E-03    0.12602655E-04    0.80645146E-04
 0.96691420E-05   -0.40733437E-04    0.19462958E-04   -0.19984651E-04    0.10994572E-03
 0.14355172E-04    0.22708696E-03    0.78154924E-04    0.19537585E-03   -0.22100876E-04
 0.12724695E-04   -0.77625650E-04    0.22105041E-04   -0.98572426E-05   -0.36170276E-04
 0.23342648E-04   -0.55412934E-04    0.16263594E-04    0.32091750E-04   -0.96318661E-05
-0.54428254E-04    0.21090616E-03   -0.34955753E-03    0.22783203E-03   -0.19188981E-03
-0.84624838E-04    0.68749001E-05   -0.56854189E-04    0.20451781E-04   -0.32020196E-03
 0.97825927E-04   -0.80720975E-04    0.64417512E-03   -0.21485011E-02    0.42624402E-03
 0.10818596E-03   -0.71235330E-04   -0.52404914E-03    0.90413921E-02   -0.98692729E-02
 0.49474349E-02   -0.24615191E-02    0.16533204E-02   -0.24225826E-03   -0.26327715E-03
 0.87986500E-03    0.20827446E-04    0.87697579E-04    0.10471321E-03    0.97659793E-04
-0.46987098E-04   -0.51247290E-04   -0.72154854E-03    0.11167179E-02   -0.35993999E-03
 0.24009016E-02    0.21704535E-03   -0.50898418E-04    0.76266108E-03    0.23792947E-03
 0.10247773E-03    0.13188169E-03   -0.20023995E-03   -0.53338900E-04    0.47605128E-04
-0.23601267E-03    0.14307737E-03   -0.36323131E-03   -0.41217948E-03   -0.86722921E-05
-0.52356831E-04   -0.38663325E-04    0.20643350E-04   -0.23988239E-04    0.36027115E-04
-0.49003804E-04   -0.38368174E-04   -0.24673867E-04    0.39469878E-04   -0.20904732E-03
 0.24065327E-04    0.86893491E-05    0.22521422E-04   -0.17840335E-05   -0.29533060E-04
 0.85091866E-05   -0.42338952E-05    0.21063831E-04   -0.44757974E-04   -0.30078711E-04
 0.60540761E-04    0.68317302E-04   -0.63477136E-04    0.27953825E-03   -0.18167633E-03
 0.97442425E-04    0.10793337E-03    0.21553384E-04    0.39091740E-04    0.13381320E-04
 0.43087985E-04   -0.13513031E-03   -0.92822166E-04   -0.26970430E-03    0.11255107E-02
-0.48178159E-03    0.49557126E-05    0.23705886E-04    0.34899915E-03   -0.43336669E-02
 0.41313604E-02   -0.37400165E-02    0.14693131E-02   -0.12461985E-02   -0.26506289E-03
 0.14668667E-03   -0.32579577E-03   -0.10977590E-03   -0.18707542E-04   -0.13612708E-04
-0.15689141E-03   -0.14173614E-04    0.92416295E-05    0.98117310E-04   -0.23634424E-03
-0.18180212E-03   -0.87436228E-03    0.21242041E-02    0.11306346E-02   -0.12776596E-03
 0.15930313E-02    0.88349220E-03   -0.12719791E-03   -0.45630916E-04   -0.86015678E-03
-0.25435754E-03    0.66413803E-04   -0.43897220E-03    0.34294131E-03   -0.10378121E-02
-0.92782253E-03   -0.29277770E-05    0.70537314E-04   -0.32991510E-04    0.66578771E-04
-0.12150395E-03   -0.90990201E-05   -0.25046850E-03   -0.68272851E-03    0.80908778E-04
 0.16286577E-03   -0.43190179E-03   -0.15345433E-04    0.61238211E-04    0.15050200E-03
 0.35605931E-04   -0.99194742E-04    0.15810130E-03    0.13801677E-03    0.11558873E-03
-0.12525468E-03   -0.60894184E-04    0.14658620E-03    0.26029279E-04   -0.25430724E-03
 0.33424974E-03   -0.19100922E-03    0.18968330E-03    0.12263292E-03    0.39499486E-03
-0.42185037E-05    0.83901428E-04    0.32676945E-03   -0.20350004E-05    0.20030712E-03
-0.98714668E-03    0.31167207E-02   -0.11856375E-02   -0.23329902E-03    0.34721312E-03
 0.69918914E-03   -0.19743602E-01    0.21285926E-01   -0.11563758E-01    0.70849186E-02
-0.73071982E-02   -0.11102058E-03    0.71286279E-03   -0.17630262E-02   -0.47701406E-03
 0.21304281E-03   -0.95834244E-04   -0.28875533E-03   -0.60628895E-03   -0.18625351E-03
 0.92515344E-03   -0.13454440E-02    0.79993311E-03   -0.27000403E-02    0.18672441E-02
 0.10383771E-01    0.65837618E-03    0.38380961E-03    0.10034030E-02   -0.13107109E-03
 0.66642013E-03   -0.71943171E-03   -0.41045076E-03    0.40752999E-04    0.89148140E-05
-0.24454119E-03    0.15511629E-03   -0.11894164E-03   -0.23522237E-04   -0.35429669E-04
 0.21230328E-04   -0.79091882E-05    0.33483571E-04   -0.19254424E-06   -0.13529324E-04
 0.33028197E-04    0.16613082E-04   -0.83082190E-03    0.28832554E-04   -0.16000480E-03
-0.66891091E-05   -0.75375136E-04   -0.22480769E-04    0.27350309E-04   -0.19328445E-04
 0.22715862E-04   -0.44255628E-04    0.65780666E-05    0.16428496E-03   -0.36047157E-04
-0.20668610E-04   -0.92310751E-04   -0.91601327E-04    0.22542216E-03    0.14033270E-04
 0.79300636E-04   -0.13489515E-03   -0.47618913E-04    0.54141232E-04    0.25849687E-03
-0.10186737E-04   -0.24276853E-05   -0.80997242E-04   -0.20860250E-03   -0.11296053E-03
 0.73151456E-03    0.23890409E-04   -0.70790787E-04   -0.14071931E-03    0.70793408E-03
-0.91893788E-03    0.10896402E-03   -0.13443226E-02    0.23498052E-02    0.62387995E-05
-0.16056373E-03    0.32357296E-03   -0.12870113E-04    0.14814926E-03    0.12951785E-03
 0.48780610E-04    0.57112605E-04    0.51229126E-04    0.48392474E-03   -0.43073513E-03
-0.62642142E-04   -0.20270861E-03   -0.51235093E-04   -0.10785250E-03    0.16849334E-02
-0.77638643E-03   -0.45862457E-03   -0.15146977E-02   -0.33509900E-03   -0.74433664E-03
 0.68977651E-03    0.52196523E-03   -0.33684210E-04    0.12041734E-05    0.38346922E-03
-0.31557358E-03    0.15977044E-03    0.39063633E-04    0.34193130E-04    0.20140239E-04
-0.15629036E-04   -0.68558945E-04   -0.36679290E-04    0.99762459E-05    0.13345996E-04
 0.38522863E-04    0.10027594E-02    0.24771659E-04    0.51117959E-03   -0.20974602E-05
 0.34986722E-04   -0.23899674E-04    0.62343992E-05    0.10728631E-04    0.40491939E-04
 0.30003408E-04   -0.39056381E-04   -0.23616858E-03    0.76500153E-04    0.16429939E-04
 0.11230621E-03    0.17318994E-03   -0.23774869E-03    0.15331391E-04    0.37436691E-04
-0.42874030E-04    0.19151253E-04   -0.47345472E-04   -0.57127664E-04   -0.10294840E-03
-0.67736325E-04    0.64091733E-04    0.25819858E-03   -0.94839640E-04   -0.47715807E-03
 0.72258554E-04    0.99052417E-04    0.52783696E-05   -0.21436637E-04    0.42431364E-03
 0.30098092E-03    0.13715088E-02   -0.25510711E-02   -0.28397476E-03    0.96908153E-04
-0.18794071E-03    0.40449817E-04    0.31442298E-04    0.87943043E-04    0.11875156E-03
-0.73194815E-04   -0.23460049E-03   -0.29928880E-03    0.82504006E-03   -0.67310467E-04
 0.35032399E-03   -0.15964569E-03   -0.16551280E-03   -0.10410086E-02    0.19366977E-02
 0.33675515E-03    0.32010738E-04    0.30803664E-03    0.15759234E-02    0.79958120E-03
 0.19517958E-04   -0.68100631E-04   -0.44848495E-04    0.71747952E-04   -0.10858805E-03
 0.66706132E-04    0.11900770E-05    0.21246148E-04    0.32824238E-04    0.27238215E-04
-0.56139596E-04    0.84405060E-05   -0.42100929E-04   -0.53354802E-05    0.65942269E-04
 0.14455308E-04   -0.21436536E-03   -0.20596197E-04   -0.14154172E-02    0.74751502E-04
 0.15023194E-04    0.22715628E-03    0.29720827E-05   -0.78743019E-05    0.42339085E-04
 0.15746311E-04    0.49128057E-04    0.69498210E-04    0.58711490E-05    0.76125931E-05
 0.60794926E-05   -0.11838463E-03    0.13821882E-03   -0.12043579E-03    0.20150021E-03
-0.18629160E-03    0.52979341E-04   -0.24100699E-04    0.68079078E-04    0.89119727E-04
 0.75235740E-04   -0.13126000E-04   -0.23613873E-03    0.22064019E-03   -0.21532032E-03
-0.15042595E-04    0.62281774E-04    0.35711926E-04   -0.59567662E-03    0.39794487E-03
-0.42616803E-03    0.52230579E-03   -0.11211060E-02   -0.22633526E-03    0.96579729E-04
-0.46132253E-03    0.32498477E-03    0.78206826E-04   -0.14930180E-03   -0.45219633E-03
-0.37970542E-04    0.63128842E-03    0.55390422E-04   -0.29582595E-04   -0.17646835E-03
-0.10765106E-03    0.14379361E-03    0.52460138E-03    0.51905047E-03   -0.27008006E-03
 0.27308454E-02   -0.73007649E-03   -0.48203692E-03   -0.12444846E-02    0.31422154E-03
-0.97718389E-03    0.10499047E-02    0.43035204E-03   -0.63457066E-04    0.55835229E-05
 0.29862399E-03   -0.18691756E-03    0.15954080E-03    0.45608582E-04    0.58422044E-04
 0.93559099E-05   -0.30127913E-04   -0.42821809E-04   -0.25518876E-04   -0.70439035E-05
-0.46322131E-05    0.22516067E-04    0.10871374E-02   -0.12472452E-04    0.32267868E-03
-0.43315120E-04    0.73746094E-04    0.32781683E-04   -0.22072805E-04   -0.38256701E-05
 0.42733185E-04    0.70396409E-04    0.21538905E-05   -0.26618329E-03    0.82205418E-04
 0.68211854E-04    0.17098588E-03    0.17781946E-03   -0.14856775E-03    0.54482459E-04
-0.49117910E-04    0.32262027E-04    0.16911001E-03   -0.62300514E-04   -0.26743074E-03
-0.65952312E-04   -0.66668157E-04    0.75178744E-04    0.14361760E-03    0.18245567E-03
-0.57293071E-03   -0.99239736E-04    0.85888989E-04    0.12062702E-04   -0.11412568E-02
 0.14126099E-02   -0.25792256E-03    0.13343237E-02   -0.37469512E-02    0.69765813E-05
 0.16747515E-03   -0.36686256E-03    0.80414121E-04   -0.14167172E-03    0.30812519E-04
-0.19756028E-03    0.56223201E-05   -0.28568279E-03   -0.24361186E-03    0.63358576E-03
-0.59024643E-05    0.21321423E-03   -0.25247234E-04    0.19434491E-03   -0.13368960E-02
 0.11888095E-02   -0.36087862E-03    0.20571806E-02    0.72922934E-03    0.35953815E-03
 0.15370826E-02   -0.12182787E-03    0.72784008E-03   -0.11273204E-02   -0.48853390E-03
 0.80261664E-04    0.41418767E-04   -0.37509714E-03    0.27872087E-03   -0.22406343E-03
-0.16181499E-04   -0.24112697E-04   -0.22780982E-04    0.55611255E-04    0.49250690E-04
 0.35230585E-05    0.68068633E-04   -0.14028774E-04   -0.75397446E-04   -0.11988079E-02
-0.55352450E-05   -0.42919146E-03    0.68628056E-04   -0.62953110E-04    0.18931197E-04
 0.15529906E-04   -0.33624358E-05   -0.28780018E-04   -0.87510660E-04    0.85673868E-05
 0.29432121E-03   -0.18738793E-03   -0.57274214E-04   -0.25545599E-03   -0.16770118E-03
 0.17612660E-03    0.56306838E-04   -0.47742080E-04    0.85220465E-04   -0.11087844E-03
 0.91404746E-04    0.11894289E-03    0.13208268E-04    0.20333899E-04   -0.61246879E-04
-0.14965332E-03    0.56673309E-04    0.51577344E-03    0.44336255E-04   -0.23335242E-03
-0.13032649E-04    0.88630790E-03   -0.15333455E-02    0.20715955E-03   -0.13898807E-02
 0.39594480E-02    0.16175177E-03   -0.11809921E-03    0.37293470E-03    0.22369307E-04
-0.34029967E-04   -0.15739364E-03    0.87836732E-04   -0.60275724E-04    0.32696593E-03
 0.26471948E-03   -0.63028422E-03    0.17013507E-03   -0.22575047E-03    0.59249509E-04
-0.88587918E-04    0.10595803E-02   -0.15535136E-02    0.18396643E-03   -0.14993585E-02
 0.23497574E-02   -0.15212850E-03   -0.10036849E-03   -0.44680642E-03    0.67799198E-03
 0.33446122E-03    0.95563602E-03    0.79542219E-04   -0.38149633E-04    0.71858140E-05
 0.17145923E-03   -0.66414149E-04    0.12148289E-03    0.78864373E-04    0.20095616E-04
 0.43920840E-04   -0.23369122E-04   -0.24395855E-04   -0.69792073E-05   -0.96787827E-05
-0.57419334E-05    0.18162522E-05    0.35725355E-03    0.34319489E-03   -0.32627202E-03
 0.70784081E-05    0.57439402E-04    0.83175632E-04    0.24374709E-05   -0.26612206E-04
 0.11662668E-04    0.42377920E-04    0.43120142E-04   -0.15574500E-03    0.16062342E-04
 0.90228158E-04    0.25822813E-03    0.10845848E-03   -0.44424851E-04   -0.40611569E-04
 0.22156008E-04    0.18296123E-04    0.17365159E-03   -0.17536401E-03   -0.16662725E-04
-0.32940541E-04   -0.46304021E-05   -0.24100196E-04    0.84927172E-04    0.21985341E-03
-0.94791179E-03    0.11313079E-03   -0.58741325E-04   -0.86960838E-04   -0.12444433E-02
 0.13651120E-02   -0.65757455E-03    0.13498544E-02   -0.36499717E-02   -0.23175845E-03
 0.34961282E-03   -0.22067963E-03    0.50201755E-04    0.12491133E-03   -0.15526776E-03
-0.29677775E-03   -0.12577728E-03    0.12947333E-03   -0.57468522E-04    0.12010344E-03
 0.86682430E-04    0.14423024E-03    0.18095322E-03    0.38721894E-03   -0.34598743E-03
 0.33515601E-03    0.24388590E-03    0.53045434E-03   -0.46345330E-03    0.12523824E-02
-0.41092459E-03   -0.10165634E-03   -0.50868566E-03   -0.26417445E-02   -0.13510267E-02
 0.28037083E-05    0.87635284E-04    0.64131046E-04   -0.35886793E-04    0.17733921E-03
-0.19141278E-03    0.32421268E-04   -0.66465515E-05   -0.14730823E-04   -0.73300788E-04
 0.32881876E-04   -0.20326522E-04    0.24483690E-04   -0.47032340E-04   -0.52755513E-05
 0.73853128E-04    0.38378524E-03    0.49108091E-04    0.21804541E-02   -0.10253605E-03
-0.28147433E-04   -0.30892504E-03    0.16446252E-04    0.68272533E-05   -0.30527555E-04
-0.13499807E-04   -0.99246058E-04   -0.15706573E-03    0.66295289E-06    0.23405477E-04
 0.16286604E-04    0.19638353E-03   -0.51133477E-04    0.14372581E-03   -0.20802105E-04
 0.16807787E-03   -0.10514195E-03    0.68954765E-05   -0.11779475E-03   -0.20333956E-03
-0.62745176E-04   -0.96947657E-04    0.28646718E-03   -0.20229469E-03    0.24344212E-03
 0.85512493E-04   -0.10403884E-03   -0.74138167E-04    0.10209202E-02   -0.10307379E-02
 0.59888948E-03   -0.69748928E-03    0.18279344E-02    0.10864725E-04   -0.23470419E-03
 0.47787271E-03   -0.40961700E-03   -0.17662229E-03    0.42027242E-03    0.61612316E-03
 0.19103644E-03   -0.89506330E-03   -0.31744892E-04    0.15497554E-03    0.13681884E-03
 0.16611079E-03   -0.21185147E-03   -0.57317251E-03   -0.29015677E-03    0.60276689E-03
-0.20344668E-02    0.50930006E-03   -0.45483144E-03   -0.30718110E-03    0.30293764E-02
 0.40637860E-03    0.44272822E-04    0.80861700E-03    0.15576784E-02   -0.55274080E-03
-0.25848200E-02   -0.32383137E-04    0.59709298E-07    0.48392782E-04   -0.22497317E-03
 0.23500617E-03   -0.41656085E-04   -0.37508899E-04    0.45532615E-05    0.11227807E-03
 0.42167911E-05    0.86415845E-04   -0.84953436E-04    0.74443283E-04    0.64865805E-05
-0.97961022E-04   -0.53269803E-03   -0.18036927E-06   -0.22518998E-02    0.14411759E-03
 0.13701232E-04    0.29678031E-03   -0.51735139E-04    0.46210435E-04    0.81583264E-04
 0.56234381E-04    0.12952629E-03    0.39453279E-03   -0.98699856E-04   -0.30904061E-04
-0.85446848E-03   -0.21013580E-03    0.14341035E-03   -0.16737731E-04   -0.85406578E-04
-0.16680039E-03    0.64833908E-04   -0.67882863E-05    0.14399015E-03    0.30380263E-03
-0.84547278E-06    0.68666246E-04   -0.46878459E-03    0.43007738E-04   -0.24592796E-05
-0.24555586E-03    0.22650068E-03    0.46133872E-04   -0.79190784E-03    0.50884727E-03
-0.54357070E-03    0.53861782E-03   -0.33015609E-02   -0.39856737E-04    0.21001984E-03
-0.36595155E-03    0.39944718E-03    0.15800815E-03   -0.29682316E-03   -0.36228825E-03
-0.11429525E-03    0.44612445E-03   -0.17262121E-03   -0.69429402E-04   -0.32837594E-03
-0.83698352E-04    0.19225305E-03    0.71629427E-03    0.30646360E-03   -0.78546447E-03
 0.16659267E-02   -0.48817739E-03    0.89441643E-03    0.48957528E-04   -0.28820065E-02
 0.52446166E-02
