 0.79273295E+00  0.66502279E+00  0.10798905E+01  0.72254890E+00  0.64975220E+00  0.54989827E+00  0.56781459E+00  0.49501753E+00 -0.26753156E-01  0.56102628E+00
-0.64887673E-01  0.64861584E+00 -0.47107175E-01  0.58372957E+00 -0.61729569E-01  0.61282659E+00 -0.42907093E-01  0.64297062E+00  0.14327131E-01  0.71390361E-01
 0.74563926E+00 -0.11785064E-01 -0.25139470E-01  0.74269003E+00  0.39530625E-02 -0.24841767E-01  0.10481062E+01 -0.14632707E-01  0.69019324E-02  0.11699648E+01
-0.53913105E-01  0.47107618E-01  0.15520602E+01 -0.17746875E+00  0.22152635E+00  0.24541833E+00  0.13381714E+00  0.10128013E+00  0.40362966E+00 -0.12705041E+00
 0.10988541E+00 -0.28154565E-01 -0.36275558E-01 -0.45367491E-01  0.11663150E-01  0.17397841E-02 -0.23404698E+00 -0.72457846E-02 -0.93623251E-01  0.24747726E-01
 0.29755557E-01  0.16702512E-01 -0.67508519E-01  0.17776169E+00  0.10787737E+00  0.23513560E+00 -0.25956387E-01  0.34371358E+00  0.17347717E+00 -0.13445014E+00
 0.31471800E-01 -0.59100366E-02  0.16308179E-02 -0.31680010E-01  0.33647299E-01  0.10576779E+00 -0.29717751E-01 -0.35536449E-01 -0.28048803E-02  0.38175348E-01
-0.30317795E+00  0.30471079E-01  0.15970476E-01  0.92647842E-03 -0.35973337E-01  0.78070082E-01 -0.58582917E-01  0.28392509E-01 -0.10469323E+00  0.17291296E-01
-0.12487727E+00 -0.67047887E-01  0.16166206E+00 -0.65604508E-01  0.10217776E-01 -0.46514368E+00 -0.32067919E+00 -0.25983581E+00 -0.56102611E-01 -0.19607025E+00
-0.56801993E-01  0.19710098E+00  0.16628940E-01  0.63897669E-02 -0.50710328E-01  0.15485242E+00 -0.13928740E+00 -0.63767336E-01 -0.43920381E-02  0.66202849E-01
 0.44084907E+00 -0.10429473E+00 -0.16605993E+00  0.31377979E-01  0.47504388E-01  0.11085142E+00  0.78770794E-01 -0.39881427E-01  0.12997448E+00 -0.12226013E-01
 0.67230755E+00 -0.67058182E+00  0.12954832E+01  0.66839683E+00 -0.85418701E+00  0.53104824E+00  0.35187181E-01  0.30739018E+00  0.28488928E+00 -0.27794608E+00
-0.70830464E-01 -0.34582444E-01  0.13135010E+00 -0.42896205E+00  0.62366569E+00  0.86571544E-01 -0.11299990E-01 -0.10817669E+00 -0.76361930E+00  0.12301477E+00
 0.32923186E+00 -0.71369104E-01  0.13221924E+00 -0.29167771E+00 -0.20166044E+00  0.19248776E+00 -0.27133721E+00  0.16876956E-01 -0.62151216E-01 -0.69614104E-03
-0.43312430E-01 -0.68967791E-04 -0.11944745E+00  0.57027671E-02  0.43582483E-02  0.19535750E-01  0.47409907E-01  0.48419319E-01 -0.15608674E-01 -0.63306675E-02
-0.12761757E+00 -0.38062815E-01 -0.72364837E-01  0.31919423E-01 -0.14788980E-01  0.38761336E-01  0.12170056E-01  0.52443590E-01 -0.56391880E-02  0.47355499E-02
 0.61601731E-02  0.25528717E+00  0.22338886E-01  0.18968569E-01  0.15577151E-01  0.39917048E-01 -0.77528775E-01 -0.11452001E-01  0.22376863E-01 -0.13792303E+00
 0.20440589E+00 -0.29633714E-01 -0.53390440E-01  0.11612038E+00  0.25374804E-01  0.50158802E-01 -0.57288770E-01 -0.60693871E-01  0.79136983E-01  0.33347268E-01
-0.10330396E+00 -0.55312820E-01  0.53003198E-02 -0.68606301E-02  0.21355410E+00  0.13919061E-01  0.68837747E-01 -0.24161136E-01  0.17489177E+00 -0.28543070E+00
-0.55950284E-01 -0.75307880E-02  0.23795511E+00 -0.23761392E-02 -0.53092442E-01  0.11873821E+00 -0.43428075E-01  0.33575326E+00
 0.10892726E+00  0.13619748E+00  0.17496322E+00  0.82805082E-01  0.25653806E-01  0.25162432E-01  0.59788298E-01  0.39127477E-01  0.29876346E-01  0.35600998E-01
 0.17558293E-01  0.27225183E-01  0.18916449E-01  0.30647939E-01  0.32923914E-01  0.41772649E-01  0.30705243E-01  0.64242013E-01  0.44429664E-01  0.32494709E-01
 0.76682262E-01  0.24878854E-01  0.19569853E-01  0.70565291E-01  0.37961636E-01  0.30170696E-01  0.10600297E+00  0.61262447E-01  0.46720341E-01  0.17506842E+00
 0.65830670E-01  0.53765021E-01  0.27897644E+00  0.12237108E+00  0.15483788E+00  0.11821990E+00  0.10932248E+01  0.10506134E+00  0.22724776E+00  0.33238161E-01
 0.53117514E-01  0.49176823E-01  0.47757208E-01  0.56789368E-01  0.24021385E-01  0.56501245E-02  0.55178721E-01  0.19771200E+00  0.62455513E-01  0.18370483E-01
 0.22067787E-01  0.48428562E-01  0.49785610E-01  0.47431186E-01  0.55790365E-01  0.49467146E-01  0.47520377E-01  0.63440874E-01  0.48672393E-01  0.60242075E-01
 0.18352594E-01  0.50750398E-02  0.44419222E-01  0.68015411E-01  0.63160188E-01  0.58764242E-01  0.71546264E-01  0.32669656E-01  0.74481997E-02  0.71117327E-01
 0.30708140E+00  0.88202447E-01  0.24224341E-01  0.24516953E-01  0.59672568E-01  0.66672347E-01  0.60962420E-01  0.74452750E-01  0.64588569E-01  0.62975287E-01
 0.79605021E-01  0.62356379E-01  0.74583411E-01  0.30351846E-01  0.64761923E-02  0.20866759E+00  0.16866876E+00  0.47540177E-01  0.50506663E-01  0.47347859E-01
 0.45222383E-01  0.57378788E-01  0.23389678E-01  0.58811610E-02  0.67584284E-01  0.31566733E+00  0.65374278E-01  0.18448874E-01  0.18270461E-01  0.46824764E-01
 0.52246436E-01  0.52874334E-01  0.61988138E-01  0.64016961E-01  0.50287195E-01  0.95240287E-01  0.61888237E-01  0.62478319E-01  0.24761405E-01  0.47276318E-02
 0.13306202E+01  0.30206978E+01  0.14922161E+01  0.84296858E+00  0.15095348E+01  0.84347934E+00  0.22851284E+00  0.44962275E+00  0.44998839E+00  0.29688776E+00
 0.24680696E+00  0.38759075E-01  0.40336382E+00  0.17313710E+01  0.64981437E+00  0.10113499E+00  0.11012642E+00  0.18857840E+00  0.56443614E+00  0.31710488E+00
 0.25547802E+00  0.61416686E+00  0.22620265E+00  0.75118965E+00  0.57819879E+00  0.60557020E+00  0.37165761E+00  0.41108355E-01  0.36082435E-01  0.48467845E-01
 0.42546175E-01  0.43255147E-01  0.51463038E-01  0.21832922E-01  0.53898594E-02  0.50515041E-01  0.20301914E+00  0.64679027E-01  0.16955072E-01  0.19300926E-01
 0.42158760E-01  0.45894608E-01  0.42415600E-01  0.55215713E-01  0.35813618E-01  0.66522256E-01  0.42362306E-01  0.47442012E-01  0.51732168E-01  0.24560845E-01
 0.41138399E-02  0.77256411E-01  0.96423037E-01  0.82907155E-01  0.83856262E-01  0.10495649E+00  0.47145467E-01  0.10875333E-01  0.95131971E-01  0.63842678E+00
 0.17665009E+00  0.38035754E-01  0.43741707E-01  0.81745118E-01  0.96318245E-01  0.88500693E-01  0.10772588E+00  0.82309857E-01  0.11715745E+00  0.97263128E-01
 0.97122401E-01  0.10209687E+00  0.50874617E-01  0.84772296E-02  0.75499915E-01  0.91337353E-01  0.11010487E+00  0.50411206E-01  0.43997515E-01  0.55188006E+00
 0.41479621E-01  0.53318221E-01  0.70786349E-01  0.79082847E-01  0.93183100E-01  0.59304848E-01  0.95183194E-01  0.20817396E+00
 0.19800000E+03 -0.37703205E+05  0.14211827E+01 -0.37502954E+05  0.12313087E+01  0.75802411E+05  0.76984549E+05  0.76355431E+05  0.36475815E+03  0.28200000E+03
 0.64116152E-03  0.10979929E+01  0.98041651E+00  0.96874974E+00  0.10070049E-01  0.67855084E-02  0.12912126E-01  0.10000000E+01  0.24524813E-01  0.39792469E-07
