 0.79014371E+00  0.62776310E+00  0.10386583E+01  0.72053610E+00  0.66853929E+00  0.55419064E+00  0.61796484E+00  0.52324365E+00 -0.23542827E-01  0.54633569E+00
-0.59441769E-01  0.60734371E+00 -0.42571686E-01  0.52244931E+00 -0.71683045E-01  0.63560976E+00 -0.26427480E-01  0.64145138E+00  0.94897358E-03  0.29984922E-01
 0.96368070E+00 -0.18947783E-01 -0.44116730E-01  0.81713544E+00  0.11614298E-02 -0.23287635E-01  0.10586707E+01 -0.32874694E-01  0.19042062E-02  0.10815327E+01
-0.51779047E-01  0.97837764E-01  0.14637604E+01 -0.21134678E+00  0.28847912E+00  0.24045494E+00 -0.17475300E+01 -0.65543156E-01  0.69836785E+00 -0.13316933E+00
 0.83610534E-01 -0.19706618E-01  0.27993098E-01 -0.47902053E-01 -0.78830392E-02  0.12369621E-02 -0.21113978E+00 -0.23998838E+00 -0.95186892E-01  0.29659590E-01
 0.36015027E-01  0.98384187E-02 -0.19414032E-01  0.13461741E+00  0.13814019E+00  0.17489904E+00 -0.19116906E-01  0.27286500E+00  0.14649871E+00 -0.37490557E-01
 0.82941004E-02 -0.14669282E-02  0.13152188E-01  0.10670854E-01  0.19572324E-01 -0.10079193E-01 -0.32305633E-01  0.31554228E-03 -0.18190639E-02 -0.16490980E-02
 0.18673977E+00  0.40213613E-01  0.80300952E-02 -0.11386521E-01 -0.23600847E-01 -0.62448575E-02  0.20536980E-01 -0.28547967E-01 -0.18098102E-02  0.60598700E-02
-0.13354164E-02 -0.23400236E-01 -0.92708874E-02 -0.22661791E-01  0.22728598E-02 -0.29382075E+00  0.28537356E+00 -0.19992250E+00 -0.69442430E-01 -0.17451607E+00
-0.38581746E-01  0.25974828E+00  0.14778026E-02  0.35577368E-02 -0.32194790E-01  0.93648797E-01 -0.14107665E+00 -0.62648537E-01 -0.28667647E-02  0.13333373E+00
 0.45682307E+00 -0.12410590E+00 -0.17897993E+00 -0.19590116E-01  0.46885154E-01  0.43181138E-01  0.94918891E-02  0.10664754E-01  0.12102120E+00 -0.12057769E-01
 0.13959283E+01  0.10217276E+02  0.14331135E+01  0.14220370E+02 -0.12267839E+01 -0.18363444E+02  0.83692208E+00  0.47768794E+00 -0.19964012E+00  0.18292847E+00
 0.79688487E+00 -0.26495954E+00 -0.37591001E-01 -0.68766448E+00 -0.22374109E+01  0.40130127E+00 -0.24795569E+00  0.21191905E+00  0.10124253E+01 -0.16847718E+01
-0.54784926E+00  0.10474503E+01  0.12636284E+00  0.24820624E+00 -0.12157344E+00 -0.73222281E+00 -0.94211232E-02  0.54984176E+00 -0.91823697E-02 -0.39594829E-01
-0.50538177E-01  0.14030280E-01  0.97118587E-02 -0.79986408E-01  0.18859199E-01  0.27381916E-02  0.85769732E-01 -0.20748993E-02  0.74005312E-02  0.12966729E-01
-0.13013063E-01 -0.10347000E+00  0.65346967E-01  0.17737760E-01 -0.37792617E-01 -0.20073523E-01 -0.63331475E-02 -0.18479350E-01  0.70943454E-01  0.12044422E-01
-0.36744954E-01  0.82804620E-03  0.21926908E+00  0.10471546E+00 -0.85337447E-01  0.39358765E-02 -0.15035019E-01 -0.10245787E+00 -0.87365445E-02 -0.89121634E-01
-0.98383918E-01  0.29814322E+00 -0.81778129E-01 -0.37032953E-01  0.62754270E-01 -0.15342855E+00 -0.11381974E+00  0.58111354E-01 -0.53954705E-01  0.16428253E+00
 0.81003425E-01 -0.13416397E+00 -0.74027753E-01  0.83736212E-01  0.25722242E-02  0.25281937E+00 -0.32787941E-02  0.91532501E-02 -0.23574288E-01  0.20530734E+00
-0.83707970E+00 -0.31262008E-01 -0.98776008E-02  0.33186362E-01 -0.79559194E-01  0.12309771E-01 -0.20297956E-01  0.53012876E-01  0.56339268E+00
 0.14950249E+00  0.13439820E+00  0.24988150E+00  0.35987878E-01  0.26197508E-01  0.24927198E-01  0.53528421E-01  0.35023795E-01  0.24492597E-01  0.75769987E-01
 0.17487998E-01  0.30569484E-01  0.21691087E-01  0.91174931E-01  0.82290675E-01  0.23046421E+00  0.15046893E+00  0.14175861E+00  0.33449436E-01  0.31439505E-01
 0.82097611E-01  0.26313423E-01  0.21870211E-01  0.83020019E-01  0.41216742E-01  0.45504101E-01  0.12888849E+00  0.62572346E-01  0.14287417E+00  0.20783176E+00
 0.76600361E-01  0.10456162E+00  0.27982767E+00  0.11230990E+00  0.11159609E+00  0.22125989E+00  0.17630150E+02  0.11977042E+00  0.30770446E+00  0.29320963E-01
 0.36952863E-01  0.36058754E-01  0.42340244E-01  0.43140782E-01  0.42523566E-01  0.78154092E-02  0.66483475E-01  0.18301868E+00  0.50897339E-01  0.22675888E-01
 0.23921742E-01  0.37347355E-01  0.42661058E-01  0.40204991E-01  0.42817833E-01  0.39043351E-01  0.39446319E-01  0.47894394E-01  0.51671768E-01  0.52075346E-01
 0.19384975E-01  0.34586198E-02  0.24783913E-01  0.24777070E-01  0.25247098E-01  0.44542428E-01  0.38346103E-01  0.70504954E-01  0.12163750E-01  0.10778896E+00
 0.91232423E-01  0.34022803E-01  0.32325751E-01  0.34060245E-01  0.32857127E-01  0.46521544E-01  0.46653634E-01  0.51255983E-01  0.40010739E-01  0.37256055E-01
 0.31294710E-01  0.88263659E-01  0.71074975E-01  0.30767121E-01  0.25316604E-02  0.30653117E+00  0.17395432E+01  0.11311832E+00  0.66759621E-01  0.52575768E-01
 0.63664542E-01  0.13080099E+00  0.57642895E-01  0.68577865E-02  0.14631881E+00  0.24239194E+00  0.61406671E-01  0.49587954E-01  0.50968855E-01  0.17147069E+00
 0.10285116E+00  0.51938256E-01  0.64250678E-01  0.48979933E-01  0.52347477E-01  0.70099826E-01  0.11663870E+00  0.65114772E-01  0.69445171E-01  0.41478135E-02
 0.86099992E+01  0.71004762E+02  0.67060654E+01  0.25199890E+02  0.20591925E+01  0.20563961E+01  0.24757643E+01  0.60338819E+00  0.10242667E+01  0.79021823E+00
 0.14416623E+01  0.17381281E+01  0.17944233E+00  0.42355861E+01  0.14082356E+02  0.10709859E+01  0.12389063E+01  0.24539517E+01  0.28786962E+01  0.33588135E+01
 0.14734208E+01  0.41416235E+01  0.16513365E+01  0.14022954E+01  0.99199241E+00  0.19322797E+01  0.24764972E+01  0.22140686E+01  0.10765005E+00  0.45460717E-01
 0.45516551E-01  0.53805295E-01  0.78906156E-01  0.16669443E+00  0.45405117E-01  0.10458847E-01  0.20613667E+00  0.13212895E+00  0.41170018E-01  0.26038194E-01
 0.10553423E+00  0.12800869E+00  0.10800914E+00  0.13700199E+00  0.62864713E-01  0.14455330E+00  0.11146565E+00  0.86296573E-01  0.21821368E+00  0.12915568E+00
 0.49191433E-01  0.46134071E-02  0.10212976E+00  0.10478606E+00  0.11564659E+00  0.13566510E+00  0.30635970E+00  0.78167969E-01  0.16854051E-01  0.38090096E+00
 0.44133385E+00  0.16270036E+00  0.41840060E-01  0.20173614E+00  0.23617162E+00  0.23033881E+00  0.27038419E+00  0.14145932E+00  0.27130331E+00  0.18677654E+00
 0.18854612E+00  0.40191188E+00  0.24173683E+00  0.95254643E-01  0.10332607E-01  0.23394288E-01  0.18184510E-01  0.79661368E-02  0.10430516E-01  0.88091925E-01
 0.63929529E+00  0.51660952E-01  0.76943297E-02  0.14332959E-01  0.11589385E+00  0.18461602E-01  0.11852618E+00  0.39847912E-01  0.15483429E+00
 0.19900000E+03 -0.37640601E+05  0.17518884E+01  0.75679203E+05  0.76867311E+05  0.76235016E+05 -0.72162044E-04
