 0.77609897E+00  0.65259737E+00  0.10645216E+01  0.65020096E+00  0.54402095E+00  0.54547995E+00  0.49748221E+00 -0.63325115E-01  0.63452613E+00 -0.49306244E-01
 0.57712358E+00 -0.50373260E-01  0.58822346E+00 -0.31073196E-01  0.60911679E+00  0.23579928E+00 -0.15774140E+00  0.21666433E+00 -0.14531934E+00 -0.54898717E-01
 0.13360606E-01 -0.13150422E-01  0.33525202E-01  0.12197365E+00 -0.16930237E-01 -0.19502264E-01 -0.33794304E-02  0.64040802E-01  0.36021043E-02 -0.26576510E+00
 0.11839946E-01  0.47931126E-02 -0.22526646E-01 -0.24084844E-01  0.51557787E-01 -0.60811102E-01  0.21089150E-01 -0.12446566E+00 -0.54274960E-02 -0.12377756E+00
-0.61451040E-01  0.13530880E+00 -0.63034035E-01  0.81099430E-02 -0.36686234E-01 -0.13621213E+00  0.93759120E-01 -0.33529252E-01 -0.38727991E-01 -0.67450374E-01
 0.65660309E-02  0.47898258E-03 -0.24678503E+00  0.11724388E+00  0.73939958E-02 -0.75717144E-01  0.25022289E-01  0.38964197E-01  0.40290086E-02 -0.49688827E-01
 0.17466940E+00  0.11240003E+00  0.24542846E+00 -0.30626869E-02  0.29043850E+00  0.15349521E+00 -0.11964611E+00  0.20738242E-01 -0.19534759E-02 -0.36566514E+00
-0.31422071E-01 -0.21540001E+00 -0.69320537E-01 -0.16690572E+00 -0.60154315E-01  0.24343131E+00  0.74284459E-02  0.60929032E-02 -0.38406678E-01  0.10416167E+00
 0.14576757E+00 -0.13255076E+00 -0.58778789E-01 -0.81276540E-02  0.95671192E-01  0.47931412E+00 -0.97583868E-01 -0.19492000E+00  0.39678074E-01  0.56039106E-01
 0.89153446E-01  0.41163325E-01 -0.25565902E-01  0.13126105E+00 -0.12071782E-01 -0.24240005E+00  0.13511962E+00  0.47203946E+00  0.85432835E-01  0.33118859E-01
 0.16225738E-01  0.85967332E-01  0.16671683E+00 -0.22642276E+00  0.36558688E-01 -0.15924040E-01  0.33084594E-01 -0.15601736E+00 -0.47183152E-01  0.32345995E+00
 0.56659862E-01  0.33002112E-01 -0.18264472E+00 -0.47222400E+00  0.27016884E-01  0.29525149E+00  0.16040124E-01  0.77428713E-01 -0.10887122E+00  0.10237918E-01
 0.14803523E+00 -0.14147659E+00  0.85591692E-02  0.10680627E-02  0.45349699E-01  0.82882300E-01  0.95883738E-02  0.21540071E+00 -0.21655161E-01  0.20489366E+00
 0.28289843E-02  0.71408808E+00 -0.25789959E-01  0.55204499E+00
 0.13689491E+00  0.13196158E+00  0.22458461E+00  0.28083101E-01  0.23629976E-01  0.73526338E-01  0.39423153E-01  0.17341351E-01  0.25535095E-01  0.17618410E-01
 0.28690059E-01  0.30678030E-01  0.39109252E-01  0.29753778E-01  0.59766710E-01  0.15139724E+00  0.11755405E+00  0.10464732E+00  0.32185251E+00  0.19157079E+00
 0.42841911E-01  0.63204952E-01  0.63054606E-01  0.57290278E-01  0.75904712E-01  0.31132862E-01  0.71660378E-02  0.71179911E-01  0.92380516E-01  0.33973998E+00
 0.88354409E-01  0.24795942E-01  0.24382832E-01  0.57959147E-01  0.65077268E-01  0.60173415E-01  0.78974918E-01  0.63416280E-01  0.66055708E-01  0.74947409E-01
 0.60800783E-01  0.73928222E-01  0.29586412E-01  0.66552972E-02  0.14924020E+00  0.31644072E-01  0.48726235E-01  0.47903296E-01  0.45584347E-01  0.56000017E-01
 0.23469528E-01  0.55633136E-02  0.55153623E-01  0.71006902E-01  0.20159261E+00  0.62088281E-01  0.18080046E-01  0.21379901E-01  0.45657098E-01  0.48162304E-01
 0.45295689E-01  0.55405244E-01  0.47603834E-01  0.47564127E-01  0.60205791E-01  0.45615714E-01  0.58319222E-01  0.18164836E-01  0.48540425E-02  0.17274281E+00
 0.46750557E-01  0.38118593E-01  0.41545425E-01  0.41061096E-01  0.40012389E-01  0.48330266E-01  0.20889813E-01  0.51940223E-02  0.65008648E-01  0.68308048E-01
 0.26122200E+00  0.59336182E-01  0.16740004E-01  0.16225653E-01  0.38057487E-01  0.44534013E-01  0.47527496E-01  0.54660417E-01  0.56246050E-01  0.44876531E-01
 0.73737063E-01  0.48701230E-01  0.53487286E-01  0.22856649E-01  0.39808741E-02  0.86805767E+00  0.33811104E+00  0.30737844E+00  0.89892730E-01  0.10722359E+00
 0.85597187E-01  0.10444482E+00  0.14056557E+00  0.11149631E+00  0.46480231E-01  0.10560980E-01  0.16061388E+00  0.12387481E+00  0.47231129E+00  0.13248922E+00
 0.37354615E-01  0.42930748E-01  0.86826466E-01  0.17455669E+00  0.12638307E+00  0.11540731E+00  0.19451183E+00  0.91825612E-01  0.22035722E+00  0.12523212E+00
 0.18135615E+00  0.86688288E-01  0.11317097E-01  0.15601863E+00  0.48510753E-01  0.15808654E+00  0.12208855E+00  0.96019223E-01  0.47874965E-01  0.35052571E-01
 0.13367184E+00  0.10347889E+00  0.28839890E-01  0.34101073E-01
 0.13400000E+03 -0.26936163E+05  0.12186437E+01 -0.26790887E+05  0.11174663E+01  0.54140327E+05  0.54952100E+05  0.54526326E+05  0.27869092E+03  0.18100000E+03
 0.41459141E-05  0.10425616E+01  0.97794570E+00  0.96405515E+00  0.13071126E-01  0.99401544E-02  0.16025385E-01  0.10000000E+01  0.22804563E-01  0.97367975E-06
