 0.69950765E+00  0.67911541E+00  0.53513455E+00  0.55296588E+00  0.46840650E+00  0.55526727E+00  0.63258123E+00  0.57468182E+00  0.58050412E+00  0.61443287E+00
-0.14958720E+00  0.32254004E+00  0.27406418E+00 -0.61954223E-01 -0.14103311E+00  0.97460561E-01 -0.46102270E-02 -0.12166414E-01 -0.86147226E-01  0.11749981E-01
-0.17685172E-02 -0.23067893E+00  0.10100001E+00 -0.11937650E+00 -0.90191774E-01  0.16971150E-01  0.43092337E-01  0.12290479E-01 -0.42975519E-01  0.17486124E+00
 0.10126700E+00  0.23353559E+00 -0.10203768E-01  0.26597661E+00  0.14794393E+00 -0.87984249E-01  0.18695537E-01  0.13036003E-02  0.35345636E-01 -0.39023366E-01
 0.71249893E-02  0.86190432E-01  0.16962625E-02 -0.48565660E-01  0.33414464E-02  0.39837889E-01  0.22898929E-01 -0.64429358E-01  0.52720051E-01  0.46558185E-02
-0.36558732E-01 -0.49804382E-01  0.29341972E-01 -0.99091448E-01  0.82648084E-01 -0.14356709E+00 -0.17612200E-01 -0.11417033E+00 -0.62031515E-01  0.12913537E+00
-0.66733487E-01  0.40371371E-02 -0.46468374E+00 -0.23526457E+00 -0.49266558E-01 -0.17160985E+00 -0.51860660E-01  0.22928034E+00 -0.50750631E-03  0.78346049E-02
-0.64151764E-01  0.10771862E+00 -0.13344384E-01 -0.14197080E+00 -0.76575615E-01 -0.17542987E-02  0.93872011E-01  0.47879010E+00 -0.70087083E-01 -0.20111041E+00
 0.53980686E-01  0.61845936E-01  0.11936562E+00  0.49895499E-01 -0.29630480E-01  0.12927812E+00 -0.10597799E-01  0.35418159E+00 -0.80098110E+00  0.62371951E+00
 0.12737854E+00 -0.15546264E-01  0.13118571E+00  0.23006462E+00 -0.23250641E+00  0.18858667E-01 -0.16943108E-01  0.10746956E+00 -0.16877066E+00  0.25155219E+00
 0.34500715E+00  0.98626025E-01 -0.50966810E-02 -0.23413423E+00 -0.52271694E+00 -0.70254765E-01  0.34463304E+00 -0.79210684E-01  0.51030282E-01 -0.25658500E+00
-0.52665848E-01  0.24191874E+00 -0.19927013E+00  0.12162346E-01  0.23181200E+00 -0.99489233E-02  0.16180752E+00  0.18864790E-02  0.18029293E+00 -0.91246180E-01
 0.45012470E-01  0.21317745E-01  0.22121429E-01  0.35468135E-01  0.38505793E-01  0.33729360E-01  0.24785331E-01  0.27961459E-01  0.38712833E-01  0.58077782E-01
 0.10829940E+00  0.16692083E+00  0.10036170E+00  0.30202350E+00  0.29369060E-01  0.43636508E-01  0.43140166E-01  0.40894121E-01  0.49274318E-01  0.20549832E-01
 0.50881524E-02  0.50916944E-01  0.66727228E-01  0.17029108E+00  0.57088707E-01  0.16588422E-01  0.20266302E-01  0.41226774E-01  0.43835424E-01  0.41274123E-01
 0.47899738E-01  0.42110607E-01  0.42689409E-01  0.56975827E-01  0.40458441E-01  0.52985031E-01  0.17488744E-01  0.44352547E-02  0.51201366E-01  0.67571230E-01
 0.69619820E-01  0.66551208E-01  0.77743441E-01  0.35283525E-01  0.84570916E-02  0.81671640E-01  0.11052685E+00  0.38682199E+00  0.11196154E+00  0.28046077E-01
 0.27874159E-01  0.65299504E-01  0.74080557E-01  0.67104541E-01  0.86188346E-01  0.68837434E-01  0.73704183E-01  0.86671658E-01  0.68342611E-01  0.79660214E-01
 0.34870215E-01  0.68703080E-02  0.85070580E-01  0.32448549E-01  0.39508350E-01  0.40194593E-01  0.39429657E-01  0.47869947E-01  0.20065937E-01  0.50123059E-02
 0.50235856E-01  0.65767050E-01  0.20931603E+00  0.56876842E-01  0.16498042E-01  0.15410385E-01  0.38148172E-01  0.44016648E-01  0.40051199E-01  0.49248300E-01
 0.44646170E-01  0.44271052E-01  0.58891375E-01  0.42708922E-01  0.48300602E-01  0.21824105E-01  0.41020550E-02  0.34988609E+00  0.56475705E+00  0.40895137E+00
 0.14566308E+00  0.10140350E+00  0.12675005E+00  0.11550637E+00  0.13970566E+00  0.60738709E-01  0.12587848E-01  0.14372379E+00  0.16573763E+00  0.48727953E+00
 0.18349175E+00  0.53491067E-01  0.47326274E-01  0.11565587E+00  0.20866331E+00  0.11985637E+00  0.15422416E+00  0.16594720E+00  0.11385648E+00  0.19325212E+00
 0.12251359E+00  0.15481386E+00  0.95286496E-01  0.11137610E-01  0.33877861E-01  0.49732964E-01  0.85487023E-01  0.31512894E-01  0.32107763E-01  0.18132153E+00
 0.12000000E+03 -0.27810397E+05  0.11404354E+01 -0.27641308E+05  0.11003484E+01  0.55860795E+05  0.56592047E+05  0.56210754E+05  0.31477646E+03  0.18500000E+03
 0.84628335E-08  0.10743461E+01  0.97172934E+00  0.95644791E+00  0.14637697E-01  0.11820464E-01  0.17372755E-01  0.10000000E+01  0.23666963E-01  0.14314061E-05
