 0.77549571E+00  0.70299488E+00  0.11380622E+01  0.67160404E+00  0.65545082E+00  0.54452056E+00  0.52717620E+00  0.50038660E+00  0.53399080E+00  0.63271415E+00
 0.57551092E+00  0.57574087E+00  0.59363323E+00 -0.15683962E+00  0.21305639E+00  0.23241498E+00 -0.33298742E-01 -0.14129855E+00  0.93793713E-01 -0.19663062E-01
-0.46235207E-01 -0.81126586E-01  0.82347095E-02 -0.92496292E-03 -0.24532926E+00  0.10782795E+00 -0.68171248E-01 -0.75226732E-01  0.27541213E-01  0.38382970E-01
 0.11378223E-01 -0.50504610E-01  0.16812269E+00  0.10900082E+00  0.24421357E+00 -0.92675593E-02  0.27621937E+00  0.15241626E+00 -0.10963427E+00  0.26002426E-01
-0.19922412E-02  0.24583600E-01 -0.25103029E-01  0.31740278E-01  0.12092341E+00 -0.10926091E-01 -0.27444977E-01  0.23220219E-03  0.53774331E-01  0.78786071E-02
-0.14195737E+00 -0.65352709E-04  0.17027271E-02 -0.17829845E-01 -0.29369291E-01  0.36883865E-01 -0.59764881E-01  0.46700105E-01 -0.12239839E+00 -0.15258229E-01
-0.99847175E-01 -0.52930675E-01  0.12978294E+00 -0.63428581E-01  0.72134342E-02 -0.40376818E+00 -0.22603709E+00 -0.58055207E-01 -0.16855347E+00 -0.67026891E-01
 0.23498015E+00 -0.25456431E-02  0.77306102E-02 -0.57955422E-01  0.10648023E+00  0.22636384E-01 -0.12826788E+00 -0.49257908E-01 -0.11641825E-01  0.93865305E-01
 0.48178002E+00 -0.85924193E-01 -0.20720880E+00  0.46747971E-01  0.64624257E-01  0.10630869E+00  0.42749152E-01 -0.32312043E-01  0.12922464E+00 -0.12071974E-01
 0.90638861E-01 -0.62074023E+00  0.26705441E+00  0.16026285E-01 -0.92024673E-02  0.76600477E-01  0.22146446E+00 -0.16268916E+00  0.38941830E-01 -0.15042902E-01
 0.66514567E-01 -0.14111158E+00  0.18212201E+00  0.23976296E+00  0.32995082E-01  0.26319731E-01 -0.17890286E+00 -0.36113891E+00 -0.31393383E-01  0.25029781E+00
-0.20000243E-02  0.74574329E-01 -0.15676455E+00 -0.20338006E-02  0.20608342E+00 -0.13717900E+00  0.96247094E-02  0.25298944E+00 -0.36353577E-01  0.13764758E+00
-0.18779680E-01  0.21245688E+00
 0.97262040E-01  0.13237907E+00  0.12994668E+00  0.68865009E-01  0.24809800E-01  0.23248607E-01  0.51952627E-01  0.37295438E-01  0.24021702E-01  0.24741402E-01
 0.27981436E-01  0.38170487E-01  0.51516768E-01  0.11529907E+00  0.14146104E+00  0.10188022E+00  0.21666144E+00  0.30997405E-01  0.48061952E-01  0.46807546E-01
 0.44959124E-01  0.52273002E-01  0.21791507E-01  0.52038059E-02  0.54885723E-01  0.68940341E-01  0.17219493E+00  0.58921691E-01  0.17294815E-01  0.20928491E-01
 0.45022767E-01  0.45970168E-01  0.44135120E-01  0.51539782E-01  0.45506924E-01  0.45037404E-01  0.60010616E-01  0.44141248E-01  0.56913700E-01  0.17738493E-01
 0.47955471E-02  0.40877864E-01  0.59942827E-01  0.59397146E-01  0.54396607E-01  0.65272324E-01  0.28744973E-01  0.67247972E-02  0.68816312E-01  0.85999332E-01
 0.31111130E+00  0.81328735E-01  0.22488644E-01  0.22898626E-01  0.55400420E-01  0.58966778E-01  0.56468111E-01  0.69392934E-01  0.57786740E-01  0.59569996E-01
 0.72036393E-01  0.56747492E-01  0.67882493E-01  0.27636917E-01  0.62949257E-02  0.97191699E-01  0.32875508E-01  0.39098997E-01  0.40326655E-01  0.39584544E-01
 0.47247618E-01  0.20001786E-01  0.49664741E-02  0.53064033E-01  0.65084673E-01  0.20307380E+00  0.56758553E-01  0.16538452E-01  0.15316484E-01  0.37982367E-01
 0.43627672E-01  0.40101241E-01  0.50558973E-01  0.45663994E-01  0.44212539E-01  0.59824992E-01  0.42857200E-01  0.48350587E-01  0.22439729E-01  0.39866632E-02
 0.14784233E+00  0.31261796E+00  0.12193499E+00  0.71199544E-01  0.77417105E-01  0.82759663E-01  0.84717646E-01  0.92601806E-01  0.41776817E-01  0.94761886E-02
 0.10347436E+00  0.11613306E+00  0.35514152E+00  0.12685116E+00  0.33423938E-01  0.31379651E-01  0.77690125E-01  0.10624840E+00  0.83798885E-01  0.10168985E+00
 0.96843131E-01  0.88833630E-01  0.11636069E+00  0.84231712E-01  0.10627553E+00  0.49897317E-01  0.83749527E-02  0.63665919E-01  0.71107745E-01  0.78273110E-01
 0.24947731E-01  0.20686828E-01
 0.12200000E+03 -0.27801666E+05  0.11492554E+01 -0.27649324E+05  0.11004787E+01  0.55847332E+05  0.56590772E+05  0.56203124E+05  0.28529511E+03  0.18300000E+03
 0.19188736E-05  0.10679609E+01  0.97764119E+00  0.96517890E+00  0.13066599E-01  0.10042803E-01  0.15933407E-01  0.10000000E+01  0.22793755E-01  0.27576556E-05
