 0.77331299E+00  0.69557720E+00  0.11260859E+01  0.68072045E+00  0.65501142E+00  0.54432726E+00  0.53114128E+00  0.50039887E+00  0.54551256E+00  0.63292331E+00
 0.57571501E+00  0.57981163E+00  0.60470980E+00 -0.14341743E+00  0.19621803E+00  0.27913466E+00 -0.10996833E+00 -0.14145529E+00  0.96045539E-01 -0.21733407E-01
-0.46081580E-01 -0.81441045E-01  0.83262762E-02 -0.10494933E-02 -0.24533011E+00  0.10726879E+00 -0.70564598E-01 -0.73725320E-01  0.20855559E-01  0.39158717E-01
 0.10531528E-01 -0.49292758E-01  0.16961877E+00  0.10853285E+00  0.24348213E+00 -0.98026413E-02  0.27847335E+00  0.15395963E+00 -0.10852269E+00  0.24196552E-01
-0.16496212E-02  0.24174858E-01 -0.24995850E-01  0.31815551E-01  0.12092929E+00 -0.11014795E-01 -0.28274314E-01  0.33399327E-04  0.52322417E-01  0.85335569E-02
-0.14033306E+00 -0.10891258E-02  0.14415813E-01 -0.19562405E-01 -0.25618918E-01  0.34444723E-01 -0.62435646E-01  0.46578944E-01 -0.12275929E+00 -0.14016978E-01
-0.10177663E+00 -0.54617543E-01  0.12796459E+00 -0.57522345E-01  0.61317687E-02 -0.42216083E+00 -0.22785145E+00 -0.55691697E-01 -0.17654146E+00 -0.66294223E-01
 0.23805885E+00 -0.21176939E-02  0.82230875E-02 -0.60118768E-01  0.10661723E+00  0.13929398E-01 -0.13117582E+00 -0.75384982E-01 -0.49073547E-02  0.92709102E-01
 0.47786495E+00 -0.80725037E-01 -0.20252770E+00  0.53652264E-01  0.62868245E-01  0.11129683E+00  0.43454029E-01 -0.34280822E-01  0.13046141E+00 -0.12022922E-01
 0.19632821E+00 -0.71867263E+00  0.43390542E+00  0.62146559E-01 -0.37710941E-02  0.11273391E+00  0.24463068E+00 -0.20943740E+00  0.37808914E-01 -0.17788759E-01
 0.88700175E-01 -0.15913922E+00  0.18668929E+00  0.26461127E+00  0.78679234E-01  0.13462761E-01 -0.19916870E+00 -0.43333495E+00 -0.34067877E-01  0.27998671E+00
-0.35371318E-01  0.65133907E-01 -0.19781291E+00 -0.19211477E-01  0.22399238E+00 -0.16197950E+00  0.13400864E-01  0.24424045E+00 -0.25868218E-01  0.12612209E+00
-0.12878085E-01  0.19514211E+00
 0.98082587E-01  0.12828478E+00  0.12935901E+00  0.67968890E-01  0.24833372E-01  0.23220699E-01  0.51780295E-01  0.37302509E-01  0.25193488E-01  0.24780255E-01
 0.28019374E-01  0.38327578E-01  0.52331779E-01  0.11471679E+00  0.14185573E+00  0.10171225E+00  0.24891175E+00  0.30963948E-01  0.48010707E-01  0.46690281E-01
 0.44876657E-01  0.52257605E-01  0.21891546E-01  0.52350657E-02  0.54856081E-01  0.68868823E-01  0.17240678E+00  0.58939423E-01  0.17209282E-01  0.21000952E-01
 0.44880461E-01  0.45998145E-01  0.44138562E-01  0.51623940E-01  0.45516875E-01  0.45073546E-01  0.59879936E-01  0.44127975E-01  0.56870084E-01  0.17799426E-01
 0.47982861E-02  0.41079707E-01  0.60197536E-01  0.59512716E-01  0.54627299E-01  0.65690219E-01  0.29168282E-01  0.68310434E-02  0.69004759E-01  0.86614624E-01
 0.31357220E+00  0.81653073E-01  0.23201780E-01  0.23231501E-01  0.55662360E-01  0.59355125E-01  0.56941487E-01  0.69820724E-01  0.58204774E-01  0.59897430E-01
 0.72146580E-01  0.56990508E-01  0.68094678E-01  0.27304918E-01  0.62670931E-02  0.10396338E+00  0.33330008E-01  0.39664604E-01  0.40388558E-01  0.39855514E-01
 0.47367781E-01  0.20030733E-01  0.49777380E-02  0.54170974E-01  0.65696664E-01  0.20383738E+00  0.56817569E-01  0.16694671E-01  0.15390715E-01  0.38191732E-01
 0.43756600E-01  0.40991675E-01  0.50914839E-01  0.46476506E-01  0.44414189E-01  0.60980268E-01  0.43484502E-01  0.48663504E-01  0.22250565E-01  0.40516104E-02
 0.18975715E+00  0.47540030E+00  0.13863803E+00  0.79446502E-01  0.87406397E-01  0.91689102E-01  0.10221151E+00  0.10248981E+00  0.46810001E-01  0.10461373E-01
 0.12370380E+00  0.13002019E+00  0.40331510E+00  0.13730875E+00  0.38090430E-01  0.35910666E-01  0.85497566E-01  0.12030836E+00  0.10152019E+00  0.11184407E+00
 0.12243750E+00  0.97054876E-01  0.14116217E+00  0.97623110E-01  0.12822114E+00  0.56856718E-01  0.93471492E-02  0.62261108E-01  0.70920274E-01  0.80934346E-01
 0.27332533E-01  0.19803844E-01
 0.12200000E+03 -0.27792030E+05  0.11531894E+01 -0.27637816E+05  0.11002869E+01  0.55828060E+05  0.56571500E+05  0.56183852E+05  0.28959953E+03  0.18300000E+03
 0.84488570E-06  0.10650186E+01  0.97681211E+00  0.96388772E+00  0.13338677E-01  0.10353192E-01  0.16183079E-01  0.10000000E+01  0.22941559E-01  0.21836570E-05
