 0.77309179E+00  0.65740621E+00  0.10637347E+01  0.65053844E+00  0.54373288E+00  0.54560536E+00  0.49722606E+00 -0.63423835E-01  0.63452220E+00 -0.49321041E-01
 0.57688254E+00 -0.50599337E-01  0.58838552E+00 -0.31003529E-01  0.60919714E+00  0.25286576E+00 -0.17991336E+00  0.19101596E+00 -0.10240352E+00 -0.53026471E-01
 0.13639905E-01 -0.13767887E-01  0.33496168E-01  0.12327830E+00 -0.15812775E-01 -0.19991547E-01 -0.34402111E-02  0.63245215E-01  0.35953035E-02 -0.27094296E+00
 0.93153752E-02 -0.17931958E-02 -0.20585002E-01 -0.18590609E-01  0.47740337E-01 -0.59952207E-01  0.23934772E-01 -0.12527281E+00 -0.54600136E-02 -0.12387106E+00
-0.63317068E-01  0.13344981E+00 -0.55608355E-01  0.63717905E-02 -0.38404021E-01 -0.13657781E+00  0.94547488E-01 -0.33699367E-01 -0.40678598E-01 -0.69257736E-01
 0.69022211E-02  0.48116685E-03 -0.24737985E+00  0.11723804E+00  0.10325804E-01 -0.72871394E-01  0.36440924E-01  0.36222201E-01  0.96261164E-03 -0.49058534E-01
 0.17260659E+00  0.10998956E+00  0.24659348E+00 -0.24516077E-02  0.28941050E+00  0.15528928E+00 -0.11948584E+00  0.18338399E-01 -0.10676899E-02 -0.36130273E+00
-0.31265300E-01 -0.21493962E+00 -0.70473507E-01 -0.16774318E+00 -0.56246240E-01  0.24308784E+00  0.71110944E-02  0.60533551E-02 -0.37026800E-01  0.10600336E+00
 0.14729881E+00 -0.13604209E+00 -0.48707910E-01 -0.78316201E-02  0.92615619E-01  0.48272339E+00 -0.98987624E-01 -0.19592509E+00  0.37997738E-01  0.56529369E-01
 0.87356806E-01  0.38515732E-01 -0.21665322E-01  0.13315591E+00 -0.11398166E-01 -0.22693723E+00  0.13078728E+00  0.46676350E+00  0.86175323E-01  0.32472052E-01
 0.17864745E-01  0.83727382E-01  0.15826887E+00 -0.22551298E+00  0.37161902E-01 -0.15717201E-01  0.32110680E-01 -0.15899873E+00 -0.42137686E-01  0.32590637E+00
 0.37301611E-01  0.33637535E-01 -0.17636053E+00 -0.47413436E+00  0.30082762E-01  0.29654863E+00  0.18938003E-01  0.76853566E-01 -0.10356943E+00  0.14871297E-01
 0.14035252E+00 -0.14180946E+00  0.71332385E-02  0.27455254E-02  0.45524880E-01  0.86476862E-01  0.72416258E-02  0.21663548E+00 -0.23447406E-01  0.20600094E+00
 0.46615195E-02  0.71217442E+00 -0.25350232E-01  0.55204433E+00
 0.13814741E+00  0.13861638E+00  0.22894846E+00  0.28589152E-01  0.23736062E-01  0.74452601E-01  0.39439354E-01  0.17446779E-01  0.25541380E-01  0.17623186E-01
 0.28698778E-01  0.30663447E-01  0.39148197E-01  0.29795233E-01  0.59801888E-01  0.15124816E+00  0.11632239E+00  0.10566512E+00  0.32431960E+00  0.19949776E+00
 0.42871743E-01  0.63485682E-01  0.62716000E-01  0.57264335E-01  0.76397367E-01  0.31207506E-01  0.71892613E-02  0.71405761E-01  0.92942066E-01  0.33871797E+00
 0.88597760E-01  0.25234679E-01  0.24301151E-01  0.57786915E-01  0.65252759E-01  0.60646538E-01  0.79449944E-01  0.63817695E-01  0.66303246E-01  0.74915133E-01
 0.60949337E-01  0.73926501E-01  0.28978754E-01  0.65577240E-02  0.15544261E+00  0.31648364E-01  0.48882153E-01  0.47580089E-01  0.45532856E-01  0.56175180E-01
 0.23481851E-01  0.55672750E-02  0.55248462E-01  0.71188062E-01  0.20098017E+00  0.62245138E-01  0.18242585E-01  0.21363107E-01  0.45605738E-01  0.48164077E-01
 0.45487367E-01  0.55626698E-01  0.47779590E-01  0.47632199E-01  0.60224049E-01  0.45688890E-01  0.58200445E-01  0.18206701E-01  0.48614903E-02  0.17438933E+00
 0.47115758E-01  0.38278300E-01  0.41516133E-01  0.40929463E-01  0.39998095E-01  0.48447877E-01  0.20828197E-01  0.51640966E-02  0.65536410E-01  0.68446480E-01
 0.26174074E+00  0.59029039E-01  0.17089700E-01  0.16017029E-01  0.38039096E-01  0.44563960E-01  0.47573563E-01  0.54605000E-01  0.56489218E-01  0.44897050E-01
 0.73799133E-01  0.48814755E-01  0.53334847E-01  0.22812219E-01  0.39239088E-02  0.81731039E+00  0.32291138E+00  0.30477223E+00  0.88011004E-01  0.10507957E+00
 0.84935367E-01  0.10249084E+00  0.13555516E+00  0.11084870E+00  0.46018653E-01  0.10461757E-01  0.15402728E+00  0.12288035E+00  0.46710944E+00  0.13115376E+00
 0.35807181E-01  0.39853923E-01  0.84473707E-01  0.17305937E+00  0.12132272E+00  0.11465795E+00  0.18602096E+00  0.91519363E-01  0.20999791E+00  0.12183768E+00
 0.17204101E+00  0.79423733E-01  0.99120447E-02  0.16212791E+00  0.48647586E-01  0.16377400E+00  0.12757097E+00  0.10039512E+00  0.48115999E-01  0.35042137E-01
 0.13234131E+00  0.10758925E+00  0.29076511E-01  0.34057517E-01
 0.13400000E+03 -0.26936548E+05  0.12198651E+01 -0.26791306E+05  0.11163073E+01  0.54141097E+05  0.54952870E+05  0.54527096E+05  0.27940976E+03  0.18100000E+03
 0.36294118E-05  0.10396402E+01  0.97780612E+00  0.96382765E+00  0.13119128E-01  0.99955789E-02  0.16069190E-01  0.10000000E+01  0.22850167E-01  0.10778774E-05
