 0.77377391E+00  0.69675779E+00  0.11264613E+01  0.68051040E+00  0.65476418E+00  0.54457355E+00  0.53128475E+00  0.50053602E+00  0.54677707E+00  0.63240910E+00
 0.57558089E+00  0.57960224E+00  0.60578448E+00 -0.16217241E+00  0.20802504E+00  0.25395483E+00 -0.66608198E-01 -0.14187109E+00  0.93533881E-01 -0.18787576E-01
-0.45247074E-01 -0.79635307E-01  0.96181296E-02 -0.13347151E-02 -0.24491161E+00  0.10723221E+00 -0.70698321E-01 -0.73661640E-01  0.27366960E-01  0.38971890E-01
 0.83569605E-02 -0.48624627E-01  0.16906618E+00  0.10754007E+00  0.24447213E+00 -0.95141809E-02  0.27710563E+00  0.15418229E+00 -0.10580902E+00  0.23951499E-01
-0.12822911E-02  0.26083725E-01 -0.25446355E-01  0.33958208E-01  0.11981539E+00 -0.13826665E-01 -0.29118970E-01  0.56753610E-03  0.52739874E-01  0.81607802E-02
-0.13902423E+00 -0.24487074E-02  0.84172785E-02 -0.21055123E-01 -0.27850406E-01  0.33973813E-01 -0.61418880E-01  0.46835221E-01 -0.12274250E+00 -0.14816760E-01
-0.10226675E+00 -0.54609012E-01  0.12652069E+00 -0.57209488E-01  0.67582787E-02 -0.42112884E+00 -0.22858545E+00 -0.56778930E-01 -0.17565355E+00 -0.66278666E-01
 0.23517478E+00 -0.20878208E-02  0.76019252E-02 -0.61312050E-01  0.10778451E+00  0.17846741E-01 -0.13004428E+00 -0.61959721E-01 -0.56728167E-02  0.95386721E-01
 0.47987255E+00 -0.82583413E-01 -0.20312884E+00  0.50400812E-01  0.64435311E-01  0.11078574E+00  0.42794604E-01 -0.32800328E-01  0.13170163E+00 -0.12241894E-01
 0.19427308E+00 -0.71468031E+00  0.42945725E+00  0.62256183E-01 -0.26664555E-02  0.11310513E+00  0.24423780E+00 -0.20304701E+00  0.34657367E-01 -0.15903965E-01
 0.89766055E-01 -0.15932253E+00  0.18076964E+00  0.26135841E+00  0.57167135E-01  0.15366388E-01 -0.19942570E+00 -0.43475348E+00 -0.31295512E-01  0.28065071E+00
-0.30721417E-01  0.63005954E-01 -0.19608371E+00 -0.18738458E-01  0.22071417E+00 -0.16258384E+00  0.12826822E-01  0.24419382E+00 -0.26048988E-01  0.12619427E+00
-0.13226081E-01  0.19637737E+00
 0.97751275E-01  0.12815343E+00  0.12944047E+00  0.68213113E-01  0.24855740E-01  0.23257662E-01  0.51803552E-01  0.37243754E-01  0.25234768E-01  0.24738656E-01
 0.28009990E-01  0.38345624E-01  0.52393492E-01  0.11485142E+00  0.14211716E+00  0.10236166E+00  0.25229454E+00  0.30947227E-01  0.47925252E-01  0.46793193E-01
 0.44897147E-01  0.52417658E-01  0.21822453E-01  0.52225855E-02  0.54885969E-01  0.68805747E-01  0.17167282E+00  0.58945920E-01  0.17632633E-01  0.21012885E-01
 0.44976078E-01  0.45950897E-01  0.44147737E-01  0.51662195E-01  0.45485161E-01  0.45035008E-01  0.59869729E-01  0.44099860E-01  0.56869365E-01  0.17779252E-01
 0.47825277E-02  0.41063499E-01  0.60098585E-01  0.59728671E-01  0.54676387E-01  0.65913498E-01  0.28977863E-01  0.68048956E-02  0.69013759E-01  0.86466342E-01
 0.31360900E+00  0.81642099E-01  0.23740735E-01  0.23067283E-01  0.55732794E-01  0.59285108E-01  0.56874070E-01  0.69898382E-01  0.58222588E-01  0.59837837E-01
 0.72165862E-01  0.56915876E-01  0.68137497E-01  0.27244775E-01  0.61856988E-02  0.10431471E+00  0.33430021E-01  0.39498959E-01  0.40514257E-01  0.39866805E-01
 0.47516640E-01  0.20015171E-01  0.49419519E-02  0.54325085E-01  0.65744847E-01  0.20371872E+00  0.56973636E-01  0.16896574E-01  0.15465553E-01  0.38240071E-01
 0.43820228E-01  0.40926952E-01  0.50936233E-01  0.46644878E-01  0.44410948E-01  0.60928512E-01  0.43486390E-01  0.48760239E-01  0.22446562E-01  0.39786566E-02
 0.18904890E+00  0.47548053E+00  0.13802865E+00  0.79568490E-01  0.87297104E-01  0.91895968E-01  0.10152171E+00  0.10220996E+00  0.46804279E-01  0.10412222E-01
 0.12351695E+00  0.12957525E+00  0.40219766E+00  0.13692659E+00  0.37295941E-01  0.36105528E-01  0.85402399E-01  0.12014969E+00  0.10106639E+00  0.11156414E+00
 0.12257492E+00  0.96750692E-01  0.14093466E+00  0.97422630E-01  0.12765093E+00  0.56778520E-01  0.92703141E-02  0.62531002E-01  0.71203291E-01  0.81279792E-01
 0.27405135E-01  0.19813938E-01
 0.12200000E+03 -0.27795937E+05  0.11527372E+01 -0.27642831E+05  0.10994050E+01  0.55835875E+05  0.56579314E+05  0.56191666E+05  0.28783408E+03  0.18300000E+03
 0.11855417E-05  0.10638501E+01  0.97717139E+00  0.96444725E+00  0.13227761E-01  0.10226970E-01  0.16081178E-01  0.10000000E+01  0.22892873E-01  0.21971935E-05
