 0.77739626E+00  0.68766749E+00  0.11267570E+01  0.69474345E+00  0.65620005E+00  0.54537320E+00  0.53352362E+00  0.50153238E+00 -0.27896183E-01  0.55433172E+00
-0.66797473E-01  0.63508999E+00 -0.47784001E-01  0.57490152E+00 -0.50462853E-01  0.58348083E+00 -0.30791704E-01  0.61259276E+00 -0.15162268E+00  0.20861202E+00
 0.24107698E+00 -0.15096569E+00 -0.14139919E+00  0.92178836E-01 -0.19850042E-01 -0.46239343E-01 -0.81427060E-01  0.74482188E-02 -0.85593452E-03 -0.24601401E+00
 0.10858797E+00 -0.78004256E-01 -0.76085605E-01  0.27059902E-01  0.38198236E-01  0.11292196E-01 -0.51507842E-01  0.16702245E+00  0.10951159E+00  0.24233013E+00
-0.94067641E-02  0.27646375E+00  0.15172890E+00 -0.10907191E+00  0.26405014E-01 -0.20946797E-02  0.23843843E-01 -0.23614904E-01  0.31086419E-01  0.12312764E+00
-0.89404052E-02 -0.26170000E-01  0.16257110E-04  0.55487778E-01  0.65756873E-02 -0.12978588E+00  0.47650840E-02  0.23689007E-02 -0.16884537E-01 -0.31407207E-01
 0.41104607E-01 -0.57488859E-01  0.45021035E-01 -0.11904123E+00 -0.16325882E-01 -0.10260447E+00 -0.53415563E-01  0.13064773E+00 -0.65314263E-01  0.72813495E-02
-0.34765372E+00 -0.21864058E+00 -0.63789926E-01 -0.16726221E+00 -0.63135423E-01  0.23935765E+00 -0.26686473E-02  0.76993522E-02 -0.43485239E-01  0.99612080E-01
 0.24657637E-01 -0.12379527E+00 -0.51094193E-01 -0.13571050E-01  0.92480756E-01  0.48386249E+00 -0.95519170E-01 -0.21412434E+00  0.32911271E-01  0.65849349E-01
 0.90847425E-01  0.34367695E-01 -0.24327034E-01  0.12766363E+00 -0.11806778E-01  0.96652642E-01 -0.23899694E+00  0.42362383E+00  0.34507722E-01  0.12416005E-01
 0.90578921E-01  0.18382496E+00 -0.19958754E+00  0.47474444E-01 -0.15955329E-01  0.40977016E-01 -0.15078327E+00  0.19514430E+00  0.25675976E+00  0.41590609E-01
 0.37658855E-01 -0.17953598E+00 -0.45228180E+00  0.12974393E-01  0.27092025E+00  0.51144622E-01  0.66213094E-01 -0.11955912E+00  0.17167725E-01  0.15138946E+00
-0.13064647E+00  0.78937346E-02  0.22963953E+00 -0.78531224E-02  0.10214575E+00 -0.24620194E-01  0.20686570E+00  0.32750063E-01
 0.10788344E+00  0.13349980E+00  0.14540362E+00  0.84431365E-01  0.26029579E-01  0.23537138E-01  0.57892118E-01  0.38041592E-01  0.27528433E-01  0.33717766E-01
 0.16623378E-01  0.24969889E-01  0.17394807E-01  0.28152471E-01  0.30164242E-01  0.39087623E-01  0.28783074E-01  0.58313265E-01  0.11581478E+00  0.14394109E+00
 0.10091594E+00  0.25387111E+00  0.30973751E-01  0.48073690E-01  0.46783771E-01  0.45085322E-01  0.52241120E-01  0.21883206E-01  0.52022901E-02  0.54612961E-01
 0.68944402E-01  0.17407097E+00  0.58951803E-01  0.17386854E-01  0.20971173E-01  0.44960484E-01  0.46028204E-01  0.44149548E-01  0.51710624E-01  0.45732047E-01
 0.45098562E-01  0.59829637E-01  0.44363365E-01  0.57183065E-01  0.17672407E-01  0.47987825E-02  0.41149903E-01  0.60526874E-01  0.59903063E-01  0.54626711E-01
 0.66024989E-01  0.29081553E-01  0.67460663E-02  0.68914726E-01  0.86664945E-01  0.31884322E+00  0.82071334E-01  0.22901068E-01  0.23141231E-01  0.55620987E-01
 0.59635639E-01  0.57011265E-01  0.70312299E-01  0.58706515E-01  0.60018420E-01  0.72363004E-01  0.57419352E-01  0.68716884E-01  0.27816454E-01  0.63374345E-02
 0.14525796E+00  0.35732705E-01  0.39527956E-01  0.39577622E-01  0.39152667E-01  0.47396313E-01  0.19681783E-01  0.48849047E-02  0.58491591E-01  0.65687329E-01
 0.19729610E+00  0.56458704E-01  0.16343821E-01  0.15713623E-01  0.37180081E-01  0.43495800E-01  0.43273252E-01  0.50946981E-01  0.51620316E-01  0.43558691E-01
 0.66226900E-01  0.45291964E-01  0.49435209E-01  0.22539733E-01  0.38869663E-02  0.26083785E+00  0.59440637E+00  0.29846257E+00  0.10209363E+00  0.80218226E-01
 0.95959820E-01  0.11224231E+00  0.10763120E+00  0.43407638E-01  0.96165035E-02  0.12185659E+00  0.11608201E+00  0.32319152E+00  0.12913240E+00  0.35146087E-01
 0.34162927E-01  0.83770305E-01  0.16401020E+00  0.98516613E-01  0.11338662E+00  0.14176454E+00  0.90173833E-01  0.15734732E+00  0.98508641E-01  0.13497071E+00
 0.72950199E-01  0.95171761E-02  0.79227537E-01  0.93326733E-01  0.11040381E+00  0.38296659E-01  0.34136735E-01  0.12752159E+00
 0.12800000E+03 -0.27781961E+05  0.11649370E+01 -0.27649324E+05  0.11004787E+01  0.55819923E+05  0.56599925E+05  0.56193213E+05  0.25171599E+03  0.17700000E+03
 0.19000685E-03  0.10538649E+01  0.98366920E+00  0.97370465E+00  0.11354835E-01  0.79532172E-02  0.14437992E-01  0.10000000E+01  0.22482122E-01  0.21367897E-05
