 0.77613300E+00  0.68572348E+00  0.11179130E+01  0.69566399E+00  0.65562534E+00  0.54553974E+00  0.53540015E+00  0.50120348E+00 -0.27513735E-01  0.55389631E+00
-0.66426605E-01  0.63552302E+00 -0.47892187E-01  0.57457560E+00 -0.50948348E-01  0.58355719E+00 -0.30761514E-01  0.61247170E+00 -0.15709768E+00  0.20263812E+00
 0.26534751E+00 -0.17178087E+00 -0.14192700E+00  0.92325203E-01 -0.18958475E-01 -0.45549396E-01 -0.79971857E-01  0.88754045E-02 -0.12603906E-02 -0.24541287E+00
 0.10751033E+00 -0.78614764E-01 -0.74723810E-01  0.26748640E-01  0.38884498E-01  0.85670678E-02 -0.49690481E-01  0.16794881E+00  0.10785566E+00  0.24278040E+00
-0.97224480E-02  0.27726328E+00  0.15374833E+00 -0.10545582E+00  0.24420779E-01 -0.13407740E-02  0.25187859E-01 -0.24388317E-01  0.33144400E-01  0.12212916E+00
-0.11542367E-01 -0.27675655E-01  0.29497323E-03  0.54108787E-01  0.75571584E-02 -0.12940809E+00  0.27793951E-02  0.94276154E-02 -0.20219969E-01 -0.30340724E-01
 0.38306937E-01 -0.58883037E-01  0.45448381E-01 -0.11950809E+00 -0.15960244E-01 -0.10465223E+00 -0.55394799E-01  0.12743159E+00 -0.59075210E-01  0.67667989E-02
-0.34761059E+00 -0.21845579E+00 -0.63775696E-01 -0.17371705E+00 -0.62009644E-01  0.24016361E+00 -0.25774164E-02  0.76553808E-02 -0.42827010E-01  0.99111006E-01
 0.23755316E-01 -0.12517598E+00 -0.63993618E-01 -0.84858714E-02  0.94764017E-01  0.48267078E+00 -0.95145769E-01 -0.21182585E+00  0.32152355E-01  0.66151887E-01
 0.90220526E-01  0.31589083E-01 -0.23716126E-01  0.13004395E+00 -0.12011829E-01  0.10009769E+00 -0.24536383E+00  0.42921090E+00  0.36829513E-01  0.14708123E-01
 0.95001750E-01  0.18439236E+00 -0.20168631E+00  0.47122080E-01 -0.16027994E-01  0.42202633E-01 -0.14963906E+00  0.19920845E+00  0.25965622E+00  0.55585410E-01
 0.29838525E-01 -0.18499070E+00 -0.45361683E+00  0.12293273E-01  0.26910767E+00  0.50010197E-01  0.64729519E-01 -0.12064373E+00  0.19028623E-01  0.14856566E+00
-0.13317105E+00  0.88100191E-02  0.22871529E+00 -0.69066202E-02  0.10155635E+00 -0.24210254E-01  0.20514011E+00  0.32125764E-01
 0.10816892E+00  0.13444848E+00  0.14569809E+00  0.85798837E-01  0.26212109E-01  0.23582892E-01  0.57987086E-01  0.38161647E-01  0.27548028E-01  0.33636831E-01
 0.16626079E-01  0.24969650E-01  0.17410308E-01  0.28164770E-01  0.30183390E-01  0.39118607E-01  0.28829703E-01  0.58290292E-01  0.11567911E+00  0.14474525E+00
 0.10079882E+00  0.25568184E+00  0.30940030E-01  0.48094150E-01  0.46828713E-01  0.45113564E-01  0.52431572E-01  0.21923240E-01  0.52232174E-02  0.54678980E-01
 0.68950392E-01  0.17419614E+00  0.58982696E-01  0.17854737E-01  0.21047199E-01  0.44961002E-01  0.46010256E-01  0.44200450E-01  0.51855862E-01  0.45762893E-01
 0.45145582E-01  0.59738260E-01  0.44420447E-01  0.57219893E-01  0.17737666E-01  0.47851992E-02  0.41277103E-01  0.60829032E-01  0.60221862E-01  0.54855969E-01
 0.66598929E-01  0.29261164E-01  0.68168282E-02  0.69106646E-01  0.87122716E-01  0.32133222E+00  0.82218058E-01  0.24477059E-01  0.23234677E-01  0.55922478E-01
 0.59808660E-01  0.57357270E-01  0.70686817E-01  0.59054419E-01  0.60282391E-01  0.72412416E-01  0.57593159E-01  0.68918370E-01  0.27484775E-01  0.62251305E-02
 0.14735596E+00  0.35876341E-01  0.39549194E-01  0.39452791E-01  0.39136481E-01  0.47366466E-01  0.19582402E-01  0.48305159E-02  0.58771800E-01  0.65852299E-01
 0.19685483E+00  0.56320164E-01  0.16580833E-01  0.15734676E-01  0.37128683E-01  0.43445677E-01  0.43534558E-01  0.50846606E-01  0.51912952E-01  0.43514967E-01
 0.66549011E-01  0.45481343E-01  0.49367003E-01  0.22480145E-01  0.38380525E-02  0.26696593E+00  0.60834640E+00  0.30154255E+00  0.10375908E+00  0.80766283E-01
 0.98058410E-01  0.11339771E+00  0.10822614E+00  0.44227544E-01  0.96940333E-02  0.12315209E+00  0.11664408E+00  0.32474849E+00  0.12949750E+00  0.37450444E-01
 0.35521064E-01  0.84141269E-01  0.16450970E+00  0.10027499E+00  0.11354062E+00  0.14454375E+00  0.90443462E-01  0.16090687E+00  0.10043317E+00  0.13523252E+00
 0.72232381E-01  0.93465401E-02  0.80578014E-01  0.95439076E-01  0.11330382E+00  0.39003614E-01  0.34185298E-01  0.12843205E+00
 0.12800000E+03 -0.27776895E+05  0.11649480E+01 -0.27642831E+05  0.10994050E+01  0.55809791E+05  0.56589793E+05  0.56183080E+05  0.25487327E+03  0.17700000E+03
 0.11383260E-03  0.10520067E+01  0.98304236E+00  0.97269533E+00  0.11592263E-01  0.82458428E-02  0.14648958E-01  0.10000000E+01  0.22558697E-01  0.20398026E-05
