 0.76969457E+00  0.66753447E+00  0.11239048E+01  0.65763146E+00  0.54787886E+00  0.52745748E+00  0.49812421E+00 -0.68092704E-01  0.63583827E+00 -0.49084421E-01
 0.57518953E+00 -0.48931129E-01  0.58306181E+00 -0.28671192E-01  0.61072361E+00  0.20270954E+00 -0.14548425E+00  0.24005607E+00 -0.12773950E+00 -0.72882525E-02
 0.25727430E-01 -0.14677535E-01  0.40131368E-01  0.12169072E+00 -0.21205934E-01 -0.29730394E-01  0.33426768E-04  0.64345755E-01  0.21205707E-01 -0.11227764E+00
-0.91990521E-02  0.81951646E-02 -0.19189857E-01 -0.34691572E-01  0.17896298E-01 -0.64017102E-01  0.67114994E-01 -0.10024502E+00 -0.55148464E-01 -0.84102347E-01
-0.56508143E-01  0.12411925E+00 -0.65094866E-01  0.76931110E-02 -0.10884806E+00 -0.14145140E+00  0.82621180E-01 -0.32209575E-01 -0.42951953E-01 -0.60755130E-01
 0.12370764E-01 -0.82103314E-03 -0.25704378E+00  0.80517255E-01 -0.91106892E-01 -0.54821327E-01  0.18690968E-01  0.40491384E-01  0.18217210E-01 -0.11090619E-01
 0.17739253E+00  0.73295891E-01  0.20842277E+00  0.53493023E-01  0.24439934E+00  0.15779215E+00 -0.97030930E-01  0.26262335E-01 -0.24416093E-02 -0.35889384E+00
-0.62099234E-02 -0.22014141E+00 -0.63494802E-01 -0.16735172E+00 -0.63224703E-01  0.23799816E+00 -0.27631533E-02  0.76865144E-02 -0.46302039E-01  0.10174943E+00
 0.20549482E-01 -0.12492973E+00 -0.50690733E-01 -0.13232592E-01  0.92073627E-01  0.48278379E+00 -0.93851663E-01 -0.21219301E+00  0.35711393E-01  0.65278724E-01
 0.94227679E-01  0.35399299E-01 -0.25172858E-01  0.12798797E+00 -0.11856764E-01 -0.31924537E+00  0.12461628E+00  0.41808423E+00  0.33456299E-01  0.39094217E-01
 0.92275348E-02  0.92198268E-01  0.19435757E+00 -0.19519788E+00  0.45562502E-01 -0.15870901E-01  0.52541889E-01 -0.15516484E+00  0.19271883E+00  0.26171172E+00
 0.40076520E-01  0.35233770E-01 -0.18091036E+00 -0.44317508E+00  0.31027817E-02  0.26784936E+00  0.33272061E-01  0.67093141E-01 -0.13710847E+00  0.99369623E-02
 0.16532050E+00 -0.13627817E+00  0.85515026E-02 -0.13338441E+00  0.62464621E-01  0.10563424E+00  0.62444187E-02  0.19245982E+00 -0.21857768E-01  0.20602100E+00
 0.33931792E-01  0.67806655E+00 -0.17311016E-01  0.54991239E+00
 0.10180486E+00  0.11929180E+00  0.14095598E+00  0.26180880E-01  0.24019901E-01  0.58802489E-01  0.38047314E-01  0.16588667E-01  0.24941463E-01  0.17522914E-01
 0.28160699E-01  0.29679453E-01  0.38999818E-01  0.28171737E-01  0.57477165E-01  0.14269212E+00  0.10996855E+00  0.10172264E+00  0.26292956E+00  0.94403334E-01
 0.41229393E-01  0.59459396E-01  0.59566293E-01  0.54461423E-01  0.66491701E-01  0.28458769E-01  0.64911251E-02  0.68767317E-01  0.85516043E-01  0.32114038E+00
 0.81470877E-01  0.22845978E-01  0.23374723E-01  0.55215340E-01  0.60194761E-01  0.57312295E-01  0.70875064E-01  0.58492463E-01  0.60555637E-01  0.72213374E-01
 0.56681130E-01  0.68633780E-01  0.27868567E-01  0.62669939E-02  0.74046127E-01  0.30417083E-01  0.45908038E-01  0.45497019E-01  0.43124087E-01  0.50118782E-01
 0.20413700E-01  0.47670980E-02  0.52646279E-01  0.66389628E-01  0.18543960E+00  0.55316053E-01  0.16833205E-01  0.20471379E-01  0.42971533E-01  0.44351026E-01
 0.43029640E-01  0.50411720E-01  0.44149127E-01  0.43621603E-01  0.58453094E-01  0.42374529E-01  0.54735854E-01  0.16911853E-01  0.46577319E-02  0.16687191E+00
 0.46767551E-01  0.37610877E-01  0.39834835E-01  0.39945517E-01  0.39373640E-01  0.47051948E-01  0.19833069E-01  0.49016136E-02  0.62983051E-01  0.65125994E-01
 0.19857489E+00  0.56416951E-01  0.16307928E-01  0.16201714E-01  0.37409846E-01  0.43147612E-01  0.46571795E-01  0.50032951E-01  0.51579114E-01  0.43921515E-01
 0.66564165E-01  0.47670569E-01  0.49826659E-01  0.22657452E-01  0.39223069E-02  0.63485295E+00  0.34850985E+00  0.30321836E+00  0.91414839E-01  0.11305843E+00
 0.81610091E-01  0.10286468E+00  0.11875527E+00  0.10859885E+00  0.46321869E-01  0.96795168E-02  0.15073143E+00  0.11716133E+00  0.33201253E+00  0.12979344E+00
 0.35977494E-01  0.37872862E-01  0.87418772E-01  0.16357794E+00  0.11499988E+00  0.11702935E+00  0.14642313E+00  0.10319038E+00  0.16613124E+00  0.11347663E+00
 0.14271821E+00  0.78345895E-01  0.10235081E-01  0.75552084E-01  0.45318827E-01  0.10320089E+00  0.84326319E-01  0.70493795E-01  0.39735906E-01  0.34259647E-01
 0.13119468E+00  0.77091046E-01  0.26569098E-01  0.34106657E-01
 0.13400000E+03 -0.27662430E+05  0.11882491E+01 -0.27530023E+05  0.11152979E+01  0.55592860E+05  0.56409425E+05  0.55983647E+05  0.24952098E+03  0.18100000E+03
 0.55555831E-03  0.10612898E+01  0.98545127E+00  0.97628799E+00  0.10753087E-01  0.72350177E-02  0.13874517E-01  0.10000000E+01  0.21832375E-01  0.17403416E-05
