 0.77655232E+00  0.68183953E+00  0.11206882E+01  0.69688219E+00  0.65582192E+00  0.54543066E+00  0.53437960E+00  0.50125074E+00 -0.27322119E-01  0.55347705E+00
-0.66678137E-01  0.63557923E+00 -0.47969747E-01  0.57475162E+00 -0.50691582E-01  0.58359951E+00 -0.30335767E-01  0.61212921E+00 -0.14219020E+00  0.20135728E+00
 0.24578109E+00 -0.14316159E+00 -0.14235413E+00  0.90664640E-01 -0.23746593E-01 -0.46692375E-01 -0.82068034E-01  0.83192289E-02 -0.12544179E-02 -0.24609712E+00
 0.10855386E+00 -0.77725768E-01 -0.75410679E-01  0.22867868E-01  0.41303348E-01  0.14737238E-01 -0.51355921E-01  0.16794755E+00  0.11062814E+00  0.24303997E+00
-0.95656430E-02  0.27780980E+00  0.15287410E+00 -0.10826345E+00  0.24659924E-01 -0.28968623E-02  0.25162347E-01 -0.21790924E-01  0.33103786E-01  0.12330610E+00
-0.81299432E-02 -0.27716752E-01  0.36317573E-03  0.54991856E-01  0.68389974E-02 -0.13437472E+00  0.30142248E-02  0.96958438E-02 -0.20141710E-01 -0.32004148E-01
 0.38361665E-01 -0.58702953E-01  0.41836254E-01 -0.12025559E+00 -0.16243810E-01 -0.10413112E+00 -0.54685064E-01  0.12818131E+00 -0.59544150E-01  0.72497283E-02
-0.35322887E+00 -0.22129709E+00 -0.64168394E-01 -0.16851833E+00 -0.61323021E-01  0.24086799E+00 -0.33561515E-02  0.80747819E-02 -0.44728905E-01  0.99740192E-01
 0.37441287E-01 -0.12634879E+00 -0.56944799E-01 -0.72683943E-02  0.95632173E-01  0.48403490E+00 -0.95411442E-01 -0.21048960E+00  0.36671977E-01  0.67039602E-01
 0.92325121E-01  0.33077456E-01 -0.20678658E-01  0.12930088E+00 -0.12959149E-01  0.10411071E+00 -0.25182229E+00  0.42467889E+00  0.39453205E-01  0.13344900E-01
 0.89085899E-01  0.18321584E+00 -0.20437184E+00  0.48641276E-01 -0.16772855E-01  0.44148125E-01 -0.15026283E+00  0.18527758E+00  0.25789064E+00  0.47806051E-01
 0.29821713E-01 -0.18263321E+00 -0.45244852E+00  0.11715297E-01  0.26180699E+00  0.45533009E-01  0.64459674E-01 -0.12261566E+00  0.17440509E-01  0.14636409E+00
-0.13225774E+00  0.89555467E-02  0.22758850E+00 -0.54214443E-02  0.10043112E+00 -0.23680972E-01  0.20569408E+00  0.33342827E-01
 0.10868729E+00  0.13500524E+00  0.14501639E+00  0.84966972E-01  0.26210453E-01  0.23570927E-01  0.58007967E-01  0.38185116E-01  0.27451595E-01  0.33657718E-01
 0.16637012E-01  0.25012400E-01  0.17397458E-01  0.28164154E-01  0.30143084E-01  0.39108109E-01  0.28800335E-01  0.58302619E-01  0.11604729E+00  0.14578453E+00
 0.10072199E+00  0.25236288E+00  0.30956650E-01  0.48105028E-01  0.46727229E-01  0.45058016E-01  0.52169714E-01  0.21980850E-01  0.52204267E-02  0.54564349E-01
 0.69011800E-01  0.17346457E+00  0.59009470E-01  0.17491329E-01  0.21087820E-01  0.44823438E-01  0.45973424E-01  0.44169489E-01  0.51669389E-01  0.45771454E-01
 0.45118243E-01  0.59769914E-01  0.44440955E-01  0.57112489E-01  0.17734924E-01  0.48725833E-02  0.41244887E-01  0.60894825E-01  0.59973400E-01  0.54790530E-01
 0.66200383E-01  0.29514324E-01  0.68339985E-02  0.69106854E-01  0.87145463E-01  0.32192656E+00  0.82214937E-01  0.23353215E-01  0.23249300E-01  0.55553611E-01
 0.59851117E-01  0.57273511E-01  0.70394829E-01  0.58980577E-01  0.60243256E-01  0.72504073E-01  0.57756938E-01  0.68688340E-01  0.27547181E-01  0.64936737E-02
 0.14807791E+00  0.36031548E-01  0.39559919E-01  0.39539926E-01  0.39198484E-01  0.47481306E-01  0.19705340E-01  0.49069622E-02  0.58997653E-01  0.66055752E-01
 0.19350125E+00  0.56432977E-01  0.16058680E-01  0.15843155E-01  0.37249416E-01  0.43545820E-01  0.43697920E-01  0.51118322E-01  0.52077718E-01  0.43649592E-01
 0.66824093E-01  0.45532376E-01  0.49484115E-01  0.22585103E-01  0.39706370E-02  0.27114064E+00  0.61567962E+00  0.30018884E+00  0.10463186E+00  0.80271140E-01
 0.97215883E-01  0.11488698E+00  0.10829324E+00  0.44275414E-01  0.97262114E-02  0.12483542E+00  0.11697378E+00  0.32134140E+00  0.12959877E+00  0.35700884E-01
 0.35837624E-01  0.85175164E-01  0.16412167E+00  0.10077377E+00  0.11314351E+00  0.14684811E+00  0.90495832E-01  0.16253713E+00  0.10079953E+00  0.13676520E+00
 0.72719403E-01  0.98888520E-02  0.79701841E-01  0.94428696E-01  0.11231936E+00  0.39220318E-01  0.34254942E-01  0.12814333E+00
 0.12800000E+03 -0.27779550E+05  0.11654989E+01 -0.27644954E+05  0.10997274E+01  0.55815099E+05  0.56595102E+05  0.56188389E+05  0.25584493E+03  0.17700000E+03
 0.96985216E-04  0.10521637E+01  0.98281039E+00  0.97232181E+00  0.11664360E-01  0.83339201E-02  0.14713229E-01  0.10000000E+01  0.22630302E-01  0.19907370E-05
