 0.77205616E+00  0.69688892E+00  0.11279263E+01  0.67960531E+00  0.65532094E+00  0.54431140E+00  0.53033566E+00  0.50052220E+00  0.54578155E+00  0.63261509E+00
 0.57595599E+00  0.57950747E+00  0.60461831E+00 -0.13550150E+00  0.20639825E+00  0.28552467E+00 -0.13165534E+00 -0.14027721E+00  0.95406979E-01 -0.20719934E-01
-0.45347821E-01 -0.78707382E-01  0.82719019E-02 -0.87614986E-03 -0.24490227E+00  0.10629800E+00 -0.72638862E-01 -0.73733531E-01  0.15170867E-01  0.38669478E-01
 0.62293434E-02 -0.49482379E-01  0.17045775E+00  0.10743767E+00  0.24410102E+00 -0.10168492E-01  0.27829859E+00  0.15384570E+00 -0.10770125E+00  0.23865640E-01
-0.39773417E-03  0.24810579E-01 -0.25515527E-01  0.33243410E-01  0.12001501E+00 -0.12964970E-01 -0.28205268E-01  0.28451349E-03  0.53594358E-01  0.79250857E-02
-0.13920848E+00 -0.25545363E-02  0.76081464E-02 -0.18609224E-01 -0.25599068E-01  0.34021288E-01 -0.61627887E-01  0.47807090E-01 -0.12243227E+00 -0.14561537E-01
-0.10196264E+00 -0.54271955E-01  0.12870599E+00 -0.57248417E-01  0.61571361E-02 -0.42147577E+00 -0.22875720E+00 -0.54256558E-01 -0.17772394E+00 -0.65654963E-01
 0.23552454E+00 -0.25045038E-02  0.83025349E-02 -0.60344588E-01  0.10590915E+00  0.11473428E-01 -0.13133073E+00 -0.77876106E-01 -0.55276025E-02  0.91265596E-01
 0.47782794E+00 -0.79312794E-01 -0.20297694E+00  0.48476417E-01  0.62505431E-01  0.11330033E+00  0.45976914E-01 -0.34511097E-01  0.13081194E+00 -0.11378432E-01
 0.19518851E+00 -0.70524091E+00  0.43568155E+00  0.62123097E-01 -0.40150420E-02  0.11709622E+00  0.24245720E+00 -0.20522252E+00  0.39267126E-01 -0.18262496E-01
 0.87277614E-01 -0.15659100E+00  0.19148587E+00  0.26537535E+00  0.86475305E-01  0.14446867E-01 -0.19435748E+00 -0.43387839E+00 -0.34880437E-01  0.28136653E+00
-0.27182365E-01  0.65515630E-01 -0.19941466E+00 -0.22183174E-01  0.22266921E+00 -0.16213477E+00  0.11748836E-01  0.24567847E+00 -0.27316321E-01  0.12792243E+00
-0.13646672E-01  0.19515422E+00
 0.97571202E-01  0.12909053E+00  0.12980072E+00  0.68433084E-01  0.24798265E-01  0.23273019E-01  0.52054502E-01  0.37283871E-01  0.25052465E-01  0.24756603E-01
 0.28005747E-01  0.38339060E-01  0.52280378E-01  0.11500619E+00  0.14160332E+00  0.10171393E+00  0.25091410E+00  0.30980179E-01  0.48060052E-01  0.46879821E-01
 0.44918623E-01  0.52314546E-01  0.21929424E-01  0.52512386E-02  0.54910086E-01  0.68853013E-01  0.17323509E+00  0.59033584E-01  0.17459387E-01  0.21086574E-01
 0.44787545E-01  0.45987558E-01  0.44144168E-01  0.51604509E-01  0.45568898E-01  0.45103092E-01  0.59922270E-01  0.44199940E-01  0.57027459E-01  0.17784365E-01
 0.48617902E-02  0.41102171E-01  0.60225368E-01  0.59724066E-01  0.54683372E-01  0.65682068E-01  0.29172901E-01  0.68449075E-02  0.69145121E-01  0.86585991E-01
 0.31307995E+00  0.81757590E-01  0.23050437E-01  0.23131033E-01  0.55245996E-01  0.59340049E-01  0.56849569E-01  0.69877967E-01  0.58312126E-01  0.59983972E-01
 0.72185546E-01  0.57061043E-01  0.68332523E-01  0.27248662E-01  0.64186552E-02  0.10434213E+00  0.33365775E-01  0.39636675E-01  0.40464219E-01  0.39761495E-01
 0.47445662E-01  0.20065814E-01  0.49705664E-02  0.54332897E-01  0.65871648E-01  0.20464334E+00  0.56821112E-01  0.16705371E-01  0.15441062E-01  0.38272325E-01
 0.43761097E-01  0.40967096E-01  0.50807290E-01  0.46615414E-01  0.44396959E-01  0.61048906E-01  0.43385923E-01  0.48725620E-01  0.22364324E-01  0.40525226E-02
 0.18712156E+00  0.46472061E+00  0.13808233E+00  0.79177313E-01  0.86888753E-01  0.91672361E-01  0.10062028E+00  0.10203639E+00  0.46552915E-01  0.10446182E-01
 0.12309645E+00  0.12951145E+00  0.40160614E+00  0.13665195E+00  0.37726726E-01  0.35434794E-01  0.85199416E-01  0.11959320E+00  0.10013168E+00  0.11117087E+00
 0.12113179E+00  0.96665300E-01  0.13980062E+00  0.96675456E-01  0.12702249E+00  0.56439687E-01  0.94135571E-02  0.62910490E-01  0.71582600E-01  0.81367485E-01
 0.27417000E-01  0.19729795E-01
 0.12200000E+03 -0.27793727E+05  0.11536284E+01 -0.27641308E+05  0.11003484E+01  0.55831455E+05  0.56574895E+05  0.56187246E+05  0.28627981E+03  0.18300000E+03
 0.15932492E-05  0.10648284E+01  0.97750140E+00  0.96496120E+00  0.13129338E-01  0.10114609E-01  0.15990890E-01  0.10000000E+01  0.22873838E-01  0.22102837E-05
