 0.69930744E+00  0.67907232E+00  0.53513205E+00  0.55310130E+00  0.46841529E+00  0.55619842E+00  0.63187420E+00  0.57446599E+00  0.58070666E+00  0.61516601E+00
-0.18511626E+00  0.34465733E+00  0.19312006E+00  0.90948902E-01 -0.14233135E+00  0.95468156E-01 -0.42655934E-02 -0.15129563E-01 -0.90213999E-01  0.10956505E-01
-0.13716149E-02 -0.23207538E+00  0.10309659E+00 -0.11550065E+00 -0.89702353E-01  0.37591312E-01  0.40366087E-01  0.13178405E-01 -0.43474395E-01  0.17085579E+00
 0.10091011E+00  0.23415220E+00 -0.92043616E-02  0.26289919E+00  0.14783785E+00 -0.89649558E-01  0.18521443E-01  0.70415280E-03  0.35844944E-01 -0.37295405E-01
 0.63363118E-02  0.90622328E-01  0.49470519E-02 -0.48297700E-01  0.30622012E-02  0.40218480E-01  0.21322083E-01 -0.69740899E-01  0.52853279E-01 -0.71900934E-02
-0.33529453E-01 -0.46203621E-01  0.28575925E-01 -0.96756682E-01  0.83654061E-01 -0.14385638E+00 -0.17786855E-01 -0.11183769E+00 -0.61748121E-01  0.12898651E+00
-0.65926284E-01  0.31373077E-02 -0.46399471E+00 -0.23511210E+00 -0.52588556E-01 -0.16383067E+00 -0.50736837E-01  0.22718558E+00 -0.18489033E-02  0.77104494E-02
-0.65895937E-01  0.11261429E+00 -0.24277836E-02 -0.14286678E+00 -0.36975052E-01 -0.71330899E-02  0.91586515E-01  0.48440948E+00 -0.74994318E-01 -0.20473570E+00
 0.56158379E-01  0.63831940E-01  0.11619757E+00  0.47275495E-01 -0.25176257E-01  0.12953642E+00 -0.10467023E-01  0.34085149E+00 -0.78928339E+00  0.59230763E+00
 0.11999520E+00 -0.13724530E-01  0.11568545E+00  0.22724213E+00 -0.22032695E+00  0.21626864E-01 -0.16704755E-01  0.10921845E+00 -0.17733102E+00  0.22725844E+00
 0.33996555E+00  0.20621696E-01  0.89202737E-02 -0.22044107E+00 -0.51633215E+00 -0.60787495E-01  0.34626365E+00 -0.79532318E-01  0.50850444E-01 -0.24378479E+00
-0.45553107E-01  0.23568213E+00 -0.19473468E+00  0.98373480E-02  0.23093478E+00 -0.98072505E-02  0.16220351E+00  0.77131530E-03  0.18434696E+00 -0.83419211E-01
 0.45037169E-01  0.21310203E-01  0.22103982E-01  0.35499990E-01  0.38514029E-01  0.33809785E-01  0.24770359E-01  0.27963258E-01  0.38720470E-01  0.58190152E-01
 0.10712841E+00  0.16668575E+00  0.10169182E+00  0.30521446E+00  0.29372482E-01  0.43597870E-01  0.42830527E-01  0.40844411E-01  0.49230639E-01  0.20543821E-01
 0.50706849E-02  0.50863486E-01  0.66623278E-01  0.16791146E+00  0.56986053E-01  0.16686330E-01  0.20141020E-01  0.41166775E-01  0.43753900E-01  0.41326750E-01
 0.47920231E-01  0.42055987E-01  0.42642124E-01  0.56982126E-01  0.40341232E-01  0.52741434E-01  0.17493444E-01  0.44294489E-02  0.51201414E-01  0.67579724E-01
 0.69331720E-01  0.66554286E-01  0.77733621E-01  0.35195615E-01  0.83995229E-02  0.81668824E-01  0.11041064E+00  0.38497198E+00  0.11192239E+00  0.28270151E-01
 0.27842591E-01  0.65133654E-01  0.74150927E-01  0.67274176E-01  0.86128607E-01  0.68853870E-01  0.73666051E-01  0.86795852E-01  0.68316810E-01  0.79442151E-01
 0.34923833E-01  0.68170554E-02  0.85240342E-01  0.32554287E-01  0.39338052E-01  0.40299557E-01  0.39537419E-01  0.48067644E-01  0.20102719E-01  0.50411932E-02
 0.50487299E-01  0.65487713E-01  0.20876096E+00  0.57059444E-01  0.16625904E-01  0.15356989E-01  0.38136259E-01  0.44163264E-01  0.40005565E-01  0.49548261E-01
 0.44756889E-01  0.44397421E-01  0.58830161E-01  0.42816836E-01  0.48215680E-01  0.21976896E-01  0.40466702E-02  0.33931446E+00  0.55289191E+00  0.39213240E+00
 0.14158158E+00  0.99736698E-01  0.12141246E+00  0.11477012E+00  0.13604960E+00  0.59480712E-01  0.12327350E-01  0.14182165E+00  0.16332817E+00  0.47287062E+00
 0.18069464E+00  0.43150138E-01  0.44913553E-01  0.11231607E+00  0.20354201E+00  0.11712355E+00  0.15161559E+00  0.16326025E+00  0.11235006E+00  0.18755808E+00
 0.11995108E+00  0.15143448E+00  0.92305742E-01  0.10760191E-01  0.33848532E-01  0.49713258E-01  0.85558631E-01  0.31614322E-01  0.32130554E-01  0.17573512E+00
 0.12000000E+03 -0.27817868E+05  0.11400237E+01 -0.27649560E+05  0.10992744E+01  0.55875736E+05  0.56606988E+05  0.56225695E+05  0.31376102E+03  0.18500000E+03
 0.10506284E-07  0.10728424E+01  0.97188920E+00  0.95669417E+00  0.14580318E-01  0.11757290E-01  0.17319147E-01  0.10000000E+01  0.23640643E-01  0.14906022E-05
