 0.70237023E+00  0.73933750E+00  0.10292330E+01  0.24419597E+00  0.23811793E+00  0.24496427E+00  0.29064700E+00  0.50537579E-01  0.32183984E+00  0.47313884E-01
 0.29557845E+00  0.41501798E-01  0.29229257E+00  0.63312136E-01  0.34711915E+00  0.10788757E-01 -0.28425714E-01  0.33250026E-01  0.56808684E-01  0.85948430E-01
 0.16722040E-01  0.41949332E-01 -0.77992469E-01  0.16488960E+00  0.62831320E-01  0.18454569E-02  0.66378848E-02 -0.35894024E+00  0.19598538E+00 -0.10098355E+00
 0.17846256E-01  0.14128169E-01 -0.62564158E+00  0.34036365E+00  0.51683849E+00  0.25353650E-01  0.65400645E-01 -0.24957264E-01 -0.61418235E-01  0.84064953E-01
 0.88482313E-01  0.32284391E+00  0.11493366E+00  0.61068404E+00  0.70023552E-01  0.54712868E+00  0.31360489E+00  0.68337075E-01  0.36902219E+00
 0.37455585E-01  0.37012652E-01  0.45470808E-01  0.10744669E-01  0.10691768E-01  0.14087394E-01  0.15572622E-01  0.90793017E-02  0.13501124E-01  0.83731571E-02
 0.13227271E-01  0.94706547E-02  0.13391851E-01  0.11394585E-01  0.20589452E-01  0.37959624E-01  0.43356717E-01  0.42827457E-01  0.57140626E-01  0.45857754E-01
 0.45446012E-01  0.44852007E-01  0.45634013E-01  0.43124370E-01  0.46886045E-01  0.48495296E-01  0.49183954E-01  0.59821449E-01  0.34446314E-01  0.48045814E-01
 0.48543550E-01  0.46167780E-01  0.36170831E+00  0.20535912E+00  0.54955788E-01  0.62829234E-01  0.65992370E-01  0.69828957E-01  0.69815949E-01  0.39804474E-01
 0.26661739E-01  0.78565620E-01  0.63409694E-01  0.61123688E-01  0.45711964E-01  0.33319160E-01  0.55404995E-01  0.17017230E-01  0.33734996E-01
 0.49000000E+02 -0.17739028E+05  0.10626225E+01 -0.17699651E+05  0.10088107E+01  0.35576056E+05  0.35839566E+05  0.35683903E+05  0.81889278E+02  0.56000000E+02
 0.13635141E-01  0.96172533E+00  0.99815342E+00  0.99719716E+00  0.16998319E-01  0.79433398E-02  0.24575055E-01  0.10000000E+01  0.95715192E-02  0.78760762E-03
