 0.14029209E-02    0.50631772E-03    0.13699363E-02    0.55509769E-03    0.78260024E-03
 0.20675943E-02    0.33954318E-05   -0.18710040E-04    0.17543970E-04    0.11544791E-03
 0.97654669E-05   -0.48991700E-04   -0.24368557E-04   -0.45242307E-05    0.11431391E-03
-0.35280247E-04   -0.32782977E-04   -0.20187952E-03   -0.16737143E-04   -0.17537162E-04
 0.19845466E-03    0.11066288E-03    0.14414382E-03    0.20487699E-03   -0.16605937E-04
-0.55516709E-05   -0.17597297E-04    0.24250658E-03   -0.10262246E-04    0.11851013E-04
 0.87863704E-05    0.15747199E-04   -0.13035955E-05    0.16011798E-05   -0.50312948E-06
 0.82433727E-04    0.90909879E-05    0.28846493E-04    0.58807377E-05    0.12093004E-04
 0.18018476E-05   -0.12425758E-04   -0.84385052E-05    0.32138457E-04    0.18228032E-03
-0.35126270E-05   -0.83861202E-05    0.17029087E-04    0.10223541E-05    0.25450212E-04
-0.94435188E-06    0.38262343E-05   -0.19856956E-05   -0.19733038E-06    0.70109766E-04
-0.28807341E-05    0.19336285E-04    0.61018325E-05    0.17863109E-05   -0.12759859E-05
 0.14803759E-04    0.63164481E-05    0.60182458E-05   -0.10787425E-04    0.26484837E-04
 0.17496070E-03    0.12046088E-05    0.27009848E-05    0.97321819E-05   -0.83071133E-05
 0.26915098E-05    0.29057271E-04    0.11308928E-04   -0.27158228E-05   -0.35482301E-05
-0.27673956E-05    0.13687662E-05    0.89693307E-04   -0.19198009E-04   -0.95599896E-05
 0.83313100E-05   -0.13654081E-05    0.26167419E-05    0.42273021E-05   -0.40354169E-05
-0.25977268E-05   -0.14075967E-04    0.45150751E-05   -0.20706383E-04    0.30135397E-04
 0.17934165E-03   -0.28560249E-04   -0.55826683E-04   -0.86479872E-04   -0.74522079E-05
 0.87435995E-05    0.17659545E-04    0.22517299E-04   -0.11869526E-05   -0.10232520E-04
-0.72931795E-05    0.22137968E-05   -0.15909169E-05    0.26612816E-05    0.12983659E-03
-0.64358915E-05    0.14055825E-05   -0.36060059E-04    0.17596799E-04    0.19864379E-04
-0.62973251E-04   -0.27956886E-04    0.47481204E-05   -0.32390328E-05    0.49923321E-05
-0.15237508E-04    0.71036093E-05    0.38363812E-05   -0.35992284E-05    0.42392556E-03
 0.37953417E-04    0.24830788E-05   -0.88875202E-04   -0.48656932E-05    0.23558710E-04
 0.73501093E-05   -0.28245322E-04   -0.10957554E-04   -0.97289219E-05    0.13695451E-05
 0.37094287E-05   -0.12951277E-04    0.44586520E-04    0.26949679E-04    0.29553965E-04
 0.14409330E-02   -0.37079871E-04   -0.52468013E-04    0.22368744E-03    0.91971647E-05
-0.75748538E-05    0.18617680E-04    0.26494859E-04    0.17877341E-04   -0.33991343E-04
 0.89886603E-05    0.26973582E-04    0.10019815E-05   -0.40644596E-04   -0.68685846E-05
-0.38338496E-04   -0.40993133E-03    0.18798049E-02   -0.14752549E-03   -0.17933870E-03
-0.71125317E-04    0.21147841E-04    0.10888736E-04   -0.11702953E-05   -0.11883891E-04
-0.26010738E-05   -0.86514671E-05    0.69105331E-05   -0.28171578E-04    0.53938695E-05
 0.21172237E-04    0.63580527E-05    0.50898711E-04   -0.22741121E-03    0.28705437E-03
 0.18341912E-02    0.14900293E-03    0.10906131E-03   -0.26147569E-04   -0.25072772E-04
 0.17172872E-04    0.32505960E-04    0.35190663E-04   -0.12168465E-04    0.75935995E-05
 0.58523716E-05    0.47975460E-04   -0.72214592E-05   -0.16920834E-04   -0.61907144E-05
-0.11433249E-03    0.90489481E-03   -0.79970321E-03   -0.14342442E-02    0.32650512E-02
 0.18891238E-03    0.13893035E-04   -0.42555793E-03   -0.17625506E-04    0.44936857E-04
 0.64944185E-04   -0.42025427E-04    0.20954578E-04    0.11765884E-04   -0.48757878E-05
-0.51771169E-06    0.36710258E-05   -0.30869169E-04    0.25398607E-06    0.12842603E-04
 0.13160482E-03   -0.19242941E-03   -0.10094461E-03    0.20513676E-03    0.21029336E-02
-0.20141933E-03    0.18790226E-03    0.75610193E-04    0.53318588E-05   -0.23958478E-04
-0.10200289E-04   -0.12316786E-04    0.15984876E-04    0.10241787E-04   -0.10410622E-04
 0.38074419E-04    0.22088792E-05   -0.11620244E-04   -0.28262256E-04   -0.13481205E-04
-0.84150909E-03    0.29406574E-03    0.15714565E-03   -0.53068171E-03   -0.43905034E-04
 0.20653401E-02    0.30779581E-03    0.17477417E-03   -0.52871627E-04   -0.81133494E-05
-0.24466408E-04    0.23205726E-04    0.68685764E-04   -0.29783290E-05    0.14785848E-04
 0.11347073E-04   -0.15478019E-04    0.54328081E-05   -0.25703246E-04    0.27143655E-04
-0.20085803E-04   -0.75098201E-03    0.16759239E-03    0.11635290E-03   -0.45505812E-03
-0.44188105E-04   -0.11568240E-03    0.20117026E-02    0.13223493E-03    0.10925657E-04
-0.43309903E-05   -0.79565307E-06    0.11289182E-04    0.12364337E-04    0.12437609E-04
-0.20278431E-04   -0.27676016E-04   -0.30196609E-05   -0.13332567E-04    0.53530056E-05
-0.38502185E-04   -0.33697424E-04   -0.31124156E-04   -0.87183713E-03    0.19701430E-03
 0.13802088E-03   -0.47605439E-03   -0.61103556E-04    0.25264593E-03   -0.10980292E-04
 0.20824631E-02   -0.17660881E-03   -0.62219597E-04    0.30318503E-03    0.17730729E-04
-0.20058104E-04   -0.49273963E-04   -0.28752941E-05   -0.25643323E-04    0.12559599E-04
 0.58405818E-05    0.12292068E-04    0.56801400E-05    0.16841484E-04   -0.14555050E-05
 0.27323753E-04   -0.11416712E-03    0.16907544E-03    0.11063948E-03   -0.10881736E-03
-0.15740722E-02    0.56162442E-04    0.27695823E-04   -0.16005802E-04    0.18597113E-02
 0.64644123E-04   -0.99332952E-04   -0.17110120E-03   -0.23488893E-05   -0.13406510E-04
 0.85953913E-05   -0.26181077E-04   -0.27017375E-04   -0.33536183E-05   -0.24006456E-05
-0.37406427E-04   -0.22484374E-04    0.18882556E-04    0.50732185E-05   -0.72971301E-04
 0.24854913E-03   -0.10791432E-02   -0.22576368E-03    0.42332744E-03   -0.18512943E-04
-0.58840059E-03    0.11695071E-03   -0.11886391E-03    0.31454268E-04    0.21983014E-02
-0.17198511E-03    0.60288666E-04   -0.13753864E-03   -0.67950542E-05    0.12686059E-04
 0.67465396E-05   -0.70242527E-05    0.84351159E-05    0.11995646E-04   -0.29545909E-04
-0.26342747E-04   -0.22334059E-05   -0.11174099E-04    0.10841202E-05    0.32749529E-04
 0.16584757E-03   -0.97488567E-03   -0.78682705E-04    0.36473288E-03    0.19968401E-03
 0.58901221E-05   -0.68103750E-03    0.20448381E-03   -0.21590488E-03    0.83127303E-04
 0.23517938E-02    0.94497970E-04    0.54409425E-04   -0.43980102E-04    0.14561632E-05
 0.10646286E-04   -0.34762669E-04   -0.84215974E-05   -0.57895082E-05    0.21198977E-04
-0.29342908E-05    0.29046695E-04    0.16885188E-04    0.54102521E-04   -0.10429317E-04
 0.24178746E-04    0.26812819E-03   -0.11076366E-02   -0.18411578E-03    0.53641083E-03
 0.48875311E-04   -0.10565675E-03    0.80025554E-04   -0.58456992E-03    0.79299195E-05
 0.24960698E-03   -0.42556061E-04    0.24190612E-02   -0.12730746E-03   -0.11720982E-03
-0.11608336E-03    0.24878976E-04    0.58706567E-04   -0.21897875E-03   -0.16993830E-03
-0.38946573E-04    0.66987970E-04    0.10284789E-04   -0.84203486E-04   -0.12862271E-04
 0.67905553E-04   -0.77211988E-04    0.62048463E-03    0.76720951E-04   -0.90928321E-04
 0.74133978E-04   -0.29767111E-03   -0.21651449E-04   -0.46211278E-04   -0.12384208E-04
-0.54282563E-04    0.10767430E-03   -0.19374153E-03    0.98158139E-04   -0.22977199E-04
 0.35786056E-02   -0.20210617E-04    0.32717814E-05    0.22370779E-03   -0.52248031E-05
-0.18064056E-04   -0.19540910E-04    0.34470584E-04    0.63496896E-05   -0.24193982E-05
-0.70838322E-05    0.16290723E-04    0.33917480E-05   -0.82835902E-06   -0.22538406E-04
-0.77117127E-04   -0.41139494E-04    0.82434437E-04    0.13849780E-04    0.71195612E-04
-0.56840667E-03    0.81750103E-04   -0.46400550E-04   -0.89194168E-04    0.54973577E-03
 0.23938607E-04   -0.92523238E-04    0.57059527E-04   -0.46956617E-03    0.11865487E-02
 0.81905547E-04    0.54639621E-04   -0.61248473E-04   -0.15087614E-04   -0.32121793E-04
 0.39811984E-04   -0.37709839E-04    0.12211770E-04   -0.25517386E-05   -0.38056134E-05
 0.12784033E-04   -0.13355811E-04    0.12103184E-04    0.14896927E-04   -0.10116565E-03
 0.19582739E-03   -0.19395346E-03   -0.10897894E-02    0.90869689E-03   -0.30766624E-04
-0.24304628E-03   -0.81808766E-05   -0.16234817E-03    0.58063235E-04    0.45322297E-03
-0.11489759E-03    0.16568978E-03   -0.36155169E-03    0.70478076E-04    0.23084001E-02
 0.86565395E-04    0.13142036E-03    0.10321445E-03   -0.23978699E-04    0.97632688E-05
-0.13636922E-04    0.22561034E-04   -0.16074424E-04   -0.31718374E-04   -0.14392021E-04
 0.43461791E-04   -0.12128957E-04   -0.21518956E-04   -0.22330500E-04   -0.55027032E-05
 0.10551311E-03   -0.14361216E-03   -0.10960977E-02    0.80159774E-03    0.94810609E-04
-0.56106743E-04   -0.36891495E-03    0.61972340E-04   -0.15543904E-03    0.40575245E-04
 0.40682763E-03   -0.29493599E-04    0.75354849E-04   -0.19290338E-04    0.15171350E-03
 0.23564762E-02    0.39071267E-04    0.72334052E-04    0.62460180E-04   -0.47864099E-04
-0.32672990E-04   -0.81113802E-05    0.17599862E-04   -0.11693797E-04    0.12564784E-04
 0.28782130E-05    0.42277349E-04    0.16151895E-04   -0.36175759E-04   -0.17123972E-05
-0.41093686E-04    0.62595990E-04   -0.19717038E-03   -0.96049960E-03    0.72372152E-03
-0.67042888E-04   -0.31994059E-04    0.81477944E-04   -0.23980728E-03    0.53909284E-04
 0.15370668E-03   -0.72902962E-04    0.39250368E-03   -0.10131472E-03    0.68387570E-04
 0.17195540E-03    0.89266120E-04    0.21314637E-02   -0.14674577E-03   -0.39497777E-03
-0.14647770E-02    0.47340296E-03    0.39714161E-03   -0.18659451E-02   -0.13941831E-02
-0.22612981E-03    0.54032228E-03    0.17772510E-03   -0.48123601E-03   -0.33560942E-03
 0.33960726E-03   -0.77790892E-03    0.44187710E-02    0.78203651E-03   -0.12852753E-02
-0.29836362E-05   -0.18975870E-02    0.79820821E-03   -0.60752332E-03   -0.16086986E-05
-0.77546478E-03   -0.67674895E-04   -0.48404351E-03   -0.14025788E-03    0.34788113E-03
 0.16276061E-01   -0.26357739E-02   -0.15666342E-02    0.12588600E-02   -0.73083330E-03
 0.13083290E+00   -0.10043284E-03    0.11983834E-03    0.42448921E-03   -0.20366459E-03
-0.22627212E-03    0.10518781E-02    0.75566661E-03    0.12857042E-03   -0.29754332E-03
-0.10084880E-03    0.26258536E-03    0.14192874E-03   -0.25118966E-03    0.39821618E-03
-0.25214935E-02   -0.40004500E-03    0.57474823E-03   -0.37065111E-05    0.12170773E-02
-0.26387009E-03    0.32607982E-03   -0.31435229E-04    0.33835733E-03   -0.11380546E-03
 0.47529229E-03    0.22830006E-03   -0.16200191E-03   -0.10317621E-01    0.15147611E-02
 0.98983207E-03   -0.55881692E-03    0.33050923E-03   -0.71640119E-01    0.42172369E-01
 0.13317221E-04    0.58265264E-04    0.16423211E-03   -0.20923379E-04   -0.36923503E-04
 0.12608673E-03    0.93667925E-04    0.42017878E-04    0.16490005E-04   -0.66010792E-05
 0.55538480E-04   -0.11814677E-05   -0.80467723E-04    0.39314675E-04   -0.41798745E-03
-0.10861999E-03    0.88594176E-04   -0.75827188E-04    0.13889207E-03   -0.21298038E-04
 0.14904239E-04    0.81799680E-04    0.10523477E-04   -0.44973012E-05    0.14854148E-03
 0.71190228E-06   -0.90452785E-04   -0.18350048E-02    0.27898584E-03    0.14178966E-03
 0.41545673E-04    0.13107906E-03   -0.95785414E-02    0.61477024E-02    0.30201385E-02
 0.96935678E-04   -0.11979492E-04   -0.50849257E-03   -0.29257434E-05    0.53620691E-04
 0.58388969E-04   -0.79871234E-04    0.25663149E-04    0.94046921E-05   -0.28766893E-05
-0.28397192E-04   -0.62158403E-05   -0.16263697E-04    0.31788092E-04    0.74688109E-04
 0.12040591E-03   -0.14376045E-03    0.44961382E-04   -0.82249539E-04    0.18912955E-02
-0.90338744E-04    0.80767544E-04    0.17197030E-03   -0.16104269E-02   -0.91257366E-04
 0.16046314E-03   -0.66377999E-04    0.38711470E-03   -0.16913497E-02   -0.16067513E-03
-0.36879273E-04   -0.17535457E-03    0.23536157E-02   -0.14711091E-02   -0.58728808E-03
 0.39475127E-02   -0.13200090E-03    0.14104032E-03    0.12396053E-03    0.11264788E-04
 0.22661553E-04   -0.18164335E-05   -0.21307519E-05    0.61819743E-05    0.55875908E-05
 0.17834983E-04    0.14923220E-04    0.56141227E-05   -0.73491443E-06   -0.47178733E-05
 0.76584368E-04   -0.50668410E-03    0.51663375E-03    0.82808814E-03   -0.18481629E-02
 0.15162202E-04    0.12665865E-02   -0.10404100E-03    0.18528733E-03   -0.42587347E-04
-0.10307279E-02    0.13271611E-03   -0.31393934E-03    0.11694617E-03   -0.62265555E-04
-0.18448707E-02   -0.78730178E-04   -0.79668191E-04    0.48219566E-03   -0.39162632E-03
 0.13503183E-03    0.11829207E-03    0.43549930E-02    0.18804065E-03    0.71295922E-04
-0.30769818E-04   -0.24083725E-04   -0.47622353E-04    0.11501656E-03    0.74524182E-04
 0.68706838E-05   -0.79572606E-05   -0.95857805E-05   -0.12633249E-04    0.27129909E-04
-0.16719320E-04    0.78452333E-04   -0.16202584E-03   -0.52787570E-03    0.46117189E-03
 0.90774287E-03   -0.17784478E-02   -0.76723839E-04    0.39045345E-04    0.14802641E-02
-0.95338460E-04    0.76519874E-04    0.12620966E-03   -0.11480255E-02   -0.11335209E-03
-0.60286785E-03    0.43112301E-04   -0.71547352E-04   -0.19671899E-02    0.16358014E-04
-0.55195661E-02    0.29219725E-02    0.29743764E-03    0.69787236E-04   -0.63615977E-06
 0.48760828E-02   -0.16993758E-04   -0.81659342E-04   -0.12542289E-03    0.69637520E-04
 0.61819256E-04   -0.14571361E-03   -0.15185058E-03   -0.39488906E-05    0.75893460E-05
 0.20147940E-04   -0.82451033E-04   -0.18616615E-04    0.60517162E-04   -0.64455858E-04
 0.39190875E-03   -0.44532483E-03    0.42225848E-03    0.69452289E-03   -0.18595364E-02
 0.30852626E-04    0.88896662E-04   -0.76377818E-04    0.12609844E-02   -0.42428826E-04
-0.27668775E-03    0.68240282E-04   -0.99059611E-03    0.13583268E-02   -0.34172193E-03
-0.32945087E-03    0.70320671E-04   -0.16558661E-02    0.10910708E-01   -0.61841632E-02
-0.86106164E-03    0.46928936E-03    0.48053844E-03   -0.52181383E-03    0.48742671E-02
 0.19431143E-03    0.65258397E-04   -0.29123281E-03   -0.23380434E-04    0.33776280E-04
 0.50074378E-04   -0.96287396E-05    0.11034585E-04   -0.85832376E-05    0.10921483E-05
-0.83287915E-05   -0.79577670E-05   -0.39102641E-04   -0.23642597E-05   -0.76978318E-05
 0.52260493E-04   -0.11770503E-03   -0.67793899E-04    0.10763483E-03    0.15858550E-02
-0.35423750E-04    0.17186012E-04    0.42698930E-04   -0.14200495E-02   -0.26841460E-04
 0.17501218E-03    0.69689070E-05   -0.70995845E-04   -0.49814008E-03   -0.54121143E-04
 0.12054280E-03   -0.40204972E-04    0.37028798E-03   -0.95666029E-04    0.47731112E-05
 0.15724289E-02    0.65203551E-04   -0.89571838E-04   -0.21974230E-05    0.15843961E-02
-0.59490292E-04   -0.15295402E-04   -0.95928463E-04    0.11146621E-04    0.73463088E-05
 0.10913498E-04   -0.16462102E-04    0.11384515E-05   -0.28266101E-07    0.72421912E-05
-0.12143632E-04   -0.56698097E-05   -0.10383208E-04    0.13539443E-04   -0.74476809E-05
-0.50575896E-04    0.29998720E-04    0.79456804E-04   -0.16404007E-03    0.67244195E-04
-0.15036466E-04    0.75925060E-04    0.73208486E-04   -0.44059634E-04   -0.11536238E-04
-0.14169744E-04   -0.54845447E-04    0.15676368E-04   -0.56513515E-03   -0.32109428E-04
-0.75212352E-04   -0.49563617E-04    0.47673908E-03   -0.13005161E-03   -0.65586064E-04
 0.10055623E-02    0.37169943E-04    0.11674696E-03    0.14904951E-03    0.10945578E-03
 0.71084834E-03    0.13634209E-04   -0.37273679E-03   -0.10230465E-02    0.90011347E-04
 0.84347113E-04   -0.32072402E-03   -0.36553288E-03   -0.69728448E-04    0.11609472E-03
 0.14471482E-04   -0.10784945E-03   -0.92152454E-04    0.38174640E-04   -0.10228264E-03
 0.82041863E-03    0.19167650E-03   -0.30348753E-03   -0.96340879E-05   -0.35006603E-03
 0.27669320E-03   -0.27669806E-03    0.76260209E-04   -0.87555882E-04   -0.14308882E-03
 0.83959858E-04   -0.82274878E-04    0.50413748E-04    0.29859032E-02   -0.56011593E-03
-0.30509551E-03    0.28454746E-03   -0.18882945E-03    0.25768694E-01   -0.13864214E-01
-0.17414051E-02    0.58231536E-03   -0.48899245E-04   -0.10123747E-02    0.21317062E-02
 0.16423890E-03    0.92784293E-04    0.61725565E-02   -0.34013412E-03   -0.47184486E-04
 0.13564091E-03   -0.63867369E-04   -0.66601977E-04    0.31465454E-03    0.21391595E-03
 0.43348310E-04   -0.10919066E-03   -0.19516269E-04    0.83800991E-04    0.53362850E-04
-0.57209719E-04    0.11975973E-03   -0.69833147E-03   -0.16377583E-03    0.26251735E-03
 0.51720781E-04    0.32000520E-03   -0.15647670E-03    0.23102065E-03   -0.95941135E-04
 0.86650384E-04    0.65487059E-04    0.47765281E-04    0.25610637E-04   -0.31939600E-04
-0.26731752E-02    0.42177782E-03    0.32059061E-03   -0.27668956E-03    0.10068271E-03
-0.21084744E-01    0.12021970E-01    0.14558148E-02   -0.39442396E-03   -0.10252434E-03
 0.81942984E-03   -0.17854283E-02   -0.78035308E-04   -0.26996665E-04   -0.44382327E-02
 0.40207896E-02    0.12444512E-03   -0.96754220E-04   -0.18299470E-03    0.38829933E-04
 0.67873790E-04   -0.25795596E-03   -0.21811115E-03   -0.48235091E-04    0.87290481E-04
 0.25704449E-04   -0.63738451E-04   -0.25842096E-04    0.60948543E-04   -0.75618876E-04
 0.57523991E-03    0.14487239E-03   -0.94781279E-04    0.41446337E-04   -0.42224067E-03
-0.19681198E-05   -0.13315803E-03   -0.17908916E-05   -0.77444200E-04    0.68231025E-04
-0.17934188E-03   -0.98209478E-04   -0.45023404E-05    0.26691972E-02   -0.32188557E-03
-0.30024703E-03    0.15559030E-03   -0.11541380E-03    0.17797337E-01   -0.10698660E-01
-0.13096272E-02    0.23477742E-03    0.12132309E-03   -0.66493534E-03    0.16225335E-02
-0.66066935E-04   -0.26479219E-04    0.36607760E-02   -0.32921106E-02    0.37361051E-02
 0.39695883E-04   -0.75511604E-04    0.50527851E-04   -0.46023568E-04   -0.48555400E-04
 0.20508036E-03    0.13090479E-03    0.29332356E-04   -0.53456704E-04   -0.18659988E-04
 0.62954265E-04    0.25824940E-04   -0.41595849E-04    0.82666601E-04   -0.51876898E-03
-0.10371733E-03    0.12118557E-03    0.43152684E-04    0.17754118E-03   -0.65560664E-04
-0.12519477E-04    0.34100784E-04    0.98345996E-04   -0.78691477E-05    0.98387986E-04
-0.35093144E-04    0.24307247E-05   -0.21510941E-02    0.33630030E-03    0.12681863E-03
-0.20453560E-03    0.11901530E-03   -0.14883828E-01    0.83562496E-02    0.15088389E-02
-0.30532485E-03   -0.42103941E-04    0.69072596E-03   -0.12481290E-02   -0.11352776E-04
-0.64056841E-04   -0.26791305E-02    0.23299040E-02   -0.20333744E-02    0.20895837E-02
 0.39781092E-04   -0.17173746E-04   -0.19743300E-04   -0.18952870E-04   -0.79499854E-05
 0.68321155E-04    0.34576026E-04   -0.52180184E-05   -0.51558402E-04   -0.12683367E-04
 0.88727529E-05    0.17100729E-04    0.12291633E-04    0.25776733E-04   -0.72176041E-04
 0.33829862E-04    0.29634631E-04    0.10209422E-03    0.15210766E-04   -0.17078762E-04
-0.46916990E-04   -0.50469327E-04    0.89770642E-04    0.16959750E-04   -0.44785198E-04
 0.25240111E-05   -0.76796782E-05   -0.14340473E-03   -0.25229097E-04   -0.14319592E-04
-0.13758385E-03   -0.10936098E-03   -0.34137781E-02    0.14320703E-02   -0.87292341E-03
 0.21047123E-03   -0.12289715E-03    0.25740905E-03   -0.14639641E-03   -0.28218427E-04
 0.26792423E-04   -0.68187909E-03    0.57593485E-03   -0.42414796E-03    0.30547390E-03
 0.11101665E-02   -0.24567637E-03   -0.37514981E-05    0.21457027E-03   -0.55816242E-04
-0.59477903E-04    0.26279681E-03    0.20223685E-03    0.55390183E-04   -0.80983301E-04
-0.27722231E-04    0.67875400E-04    0.54661735E-04   -0.38871602E-04    0.97258251E-04
-0.59827106E-03   -0.11720754E-03    0.20124295E-03   -0.45656018E-05    0.30200919E-03
-0.12759924E-03    0.15607591E-03   -0.11245674E-03    0.46995302E-04    0.28616205E-04
 0.27802446E-04    0.93956503E-04   -0.34565700E-04   -0.22828494E-02    0.36231068E-03
 0.27179488E-03   -0.17692182E-03    0.92681818E-04   -0.18392893E-01    0.10326512E-01
 0.13358440E-02   -0.38229227E-03   -0.59627559E-04    0.63912780E-03   -0.15713450E-02
-0.72981998E-04   -0.61579173E-04   -0.39436980E-02    0.32978355E-02   -0.28104280E-02
 0.20365709E-02    0.49237035E-03    0.30697133E-02    0.12193599E-03    0.24136182E-04
-0.11742194E-04   -0.57038785E-05   -0.60410017E-05    0.45648819E-04    0.34245702E-04
-0.45148656E-05   -0.22802140E-05   -0.99028159E-05    0.10586260E-04    0.40752780E-05
-0.21764707E-04    0.25548758E-04   -0.13822574E-03    0.75168664E-05    0.25536915E-04
 0.54843976E-05    0.14026858E-04    0.14151013E-04   -0.28412821E-04    0.68776859E-05
 0.33603847E-04   -0.40892811E-04    0.36212896E-04   -0.92039338E-05   -0.60742694E-05
-0.56638113E-03    0.73766877E-04    0.30205357E-04   -0.77914560E-05    0.20499764E-04
-0.34645332E-02    0.20535882E-02    0.31484728E-03   -0.51523081E-04   -0.21280558E-04
 0.20942159E-03   -0.27269778E-03    0.15123571E-04   -0.18395367E-04   -0.46605409E-03
 0.42418944E-03   -0.41281786E-03    0.45396217E-03    0.65622340E-04    0.37066835E-03
 0.28958614E-03   -0.11246894E-03   -0.25770246E-04   -0.43780027E-04    0.34362226E-04
 0.38584242E-04   -0.17784321E-03   -0.11090497E-03   -0.11294499E-04    0.23195955E-04
 0.15925189E-04   -0.33652749E-04   -0.27208338E-04    0.28755150E-04   -0.68640549E-04
 0.36810821E-03    0.10408113E-04   -0.97985447E-04   -0.43413852E-05   -0.19281496E-03
 0.45840593E-05    0.18433614E-04   -0.58350469E-05   -0.58760961E-04    0.33445210E-04
-0.29372929E-04   -0.19936397E-04    0.14614248E-04    0.13623732E-02   -0.21997637E-03
-0.10992690E-03    0.11676359E-03   -0.78108025E-04    0.10708357E-01   -0.58853135E-02
-0.70878780E-03    0.13951135E-03    0.62203309E-04   -0.51460159E-03    0.97005269E-03
-0.57742488E-05    0.49351862E-04    0.19783955E-02   -0.16268100E-02    0.14153194E-02
-0.12377776E-02   -0.32666041E-03   -0.14257699E-02   -0.33438783E-03    0.11380500E-02
