 0.75744027E+00  0.65040213E+00  0.10580862E+01  0.70994896E+00  0.65055209E+00  0.54429126E+00  0.54312360E+00  0.49373367E+00 -0.23921710E-01  0.55018932E+00
-0.62651530E-01  0.63467485E+00 -0.49791303E-01  0.57754052E+00 -0.50576009E-01  0.58919501E+00 -0.29715987E-01  0.60726917E+00  0.22846712E-01  0.12278538E-01
 0.69540280E+00 -0.15690967E-01 -0.30293975E-01  0.89109069E+00 -0.20761639E-02 -0.27934212E-01  0.10411910E+01  0.56757923E-01 -0.22683853E-01  0.12087623E+01
-0.16194226E+00  0.36235668E-01  0.15769004E+01 -0.17142290E+00  0.22513705E+00  0.24697977E+00 -0.18539312E+00  0.19208489E+00 -0.20844884E+00 -0.13447794E+00
 0.93235634E-01 -0.30167608E-01 -0.38123362E-01 -0.66657186E-01  0.56908880E-02  0.84959983E-03 -0.24495503E+00  0.11486629E+00 -0.10192978E-01 -0.74996993E-01
 0.26536372E-01  0.39944082E-01  0.12527814E-02 -0.43718614E-01  0.17604791E+00  0.11015709E+00  0.24874732E+00 -0.45704087E-02  0.29170281E+00  0.15494676E+00
-0.11370572E+00  0.17726980E-01 -0.90103515E-03  0.19318150E-01 -0.19058717E-01  0.40697999E-01  0.11638524E+00 -0.21728327E-01 -0.21316985E-01 -0.34843532E-02
 0.56237172E-01  0.58884895E-02 -0.29310253E+00  0.12783403E-01  0.11993963E-01 -0.25318118E-01 -0.22132512E-01  0.45617532E-01 -0.59601199E-01  0.28157447E-01
-0.12177851E+00 -0.82219495E-02 -0.12781382E+00 -0.69718435E-01  0.13811690E+00 -0.56758318E-01  0.78819245E-02 -0.36914247E+00 -0.22002727E-01 -0.21692385E+00
-0.68946548E-01 -0.17684239E+00 -0.58074821E-01  0.24228711E+00  0.72767134E-02  0.61918404E-02 -0.37973262E-01  0.10251570E+00  0.15236670E+00 -0.13545601E+00
-0.72062001E-01 -0.31033684E-02  0.99017642E-01  0.47798061E+00 -0.96212745E-01 -0.19492112E+00  0.38971882E-01  0.57836961E-01  0.89197241E-01  0.39313622E-01
-0.28268969E-01  0.13479923E+00 -0.12326187E-01  0.16705039E+00 -0.25327924E+00  0.47162116E+00  0.95779680E-01 -0.39937306E-01  0.44211127E-01  0.14503830E-01
 0.10294808E+00  0.16507781E+00 -0.21994154E+00  0.33099581E-01 -0.15560423E-01  0.47158454E-01 -0.15525635E+00 -0.90273991E-01  0.33781731E+00  0.70757635E-01
 0.25027724E-01 -0.19064175E+00 -0.46490803E+00  0.17656155E-01  0.29913515E+00  0.13750422E-01  0.78126624E-01 -0.11457001E+00  0.11177299E-01  0.16294144E+00
-0.14938813E+00  0.10050609E-01 -0.61042413E-01  0.24785616E-01 -0.90898931E-01  0.27659271E-01 -0.26941871E-01  0.15387930E-01 -0.44987747E-02  0.77036968E-02
-0.24306821E-01  0.38145640E+00 -0.84916223E-02 -0.87162023E-02 -0.14508740E-01  0.83037280E-02 -0.31827923E-01 -0.83003342E-02 -0.52069761E-01 -0.56440104E-01
 0.47312383E-01 -0.11565000E-01  0.24877280E-01 -0.80934480E-01  0.23846239E-01 -0.38440058E-02  0.28083444E-01 -0.21012098E-01  0.69730550E-01 -0.38254634E-01
 0.41221526E-01 -0.54409109E-01  0.99056568E-02  0.15706338E+00 -0.20245798E-01 -0.50829124E+00  0.16645749E+00  0.89758439E-02  0.88000698E-02 -0.30665284E-01
 0.18977180E-01 -0.39627440E-01  0.12287201E+00  0.73136479E-01  0.12939833E+00  0.12009790E+00  0.11173869E+00  0.11565933E+00 -0.58917582E-01  0.45997719E-02
 0.22088362E+00  0.54827221E-02  0.97107403E-01 -0.22231810E-01  0.20410956E+00  0.15675073E-02 -0.54763239E-01 -0.23719154E-01  0.29326800E+00  0.26495269E-01
 0.11710959E-01  0.37595180E-02 -0.12058658E+00  0.60831970E+00
 0.11563413E+00  0.12148625E+00  0.15401879E+00  0.86905643E-01  0.26921406E-01  0.23866823E-01  0.60014721E-01  0.39209131E-01  0.27536584E-01  0.34075197E-01
 0.17001374E-01  0.25571430E-01  0.17777935E-01  0.28892685E-01  0.30082459E-01  0.39223842E-01  0.29200668E-01  0.59606209E-01  0.53883187E-01  0.31606849E-01
 0.82078665E-01  0.27275672E-01  0.21767141E-01  0.85147604E-01  0.35752244E-01  0.28969856E-01  0.10833563E+00  0.58615074E-01  0.41362196E-01  0.18303166E+00
 0.63796908E-01  0.51276017E-01  0.28350037E+00  0.11763760E+00  0.15215057E+00  0.10617192E+00  0.29983002E+00  0.10913280E+00  0.23527239E+00  0.31421959E-01
 0.48500177E-01  0.47505889E-01  0.45662027E-01  0.54753758E-01  0.23449086E-01  0.55729216E-02  0.54949638E-01  0.70722803E-01  0.20039304E+00  0.61678719E-01
 0.18456098E-01  0.21422924E-01  0.45836125E-01  0.47348678E-01  0.45106813E-01  0.54965075E-01  0.47043271E-01  0.46543989E-01  0.60004227E-01  0.45597628E-01
 0.57556573E-01  0.18126165E-01  0.48536472E-02  0.43097068E-01  0.63644789E-01  0.62822998E-01  0.57684287E-01  0.72231665E-01  0.31453189E-01  0.73239342E-02
 0.71655408E-01  0.92731297E-01  0.34579951E+00  0.89001887E-01  0.26276926E-01  0.24646634E-01  0.58852315E-01  0.63454531E-01  0.59905674E-01  0.78527242E-01
 0.63079722E-01  0.64117000E-01  0.75530328E-01  0.61263584E-01  0.71644753E-01  0.28986856E-01  0.65201763E-02  0.16816652E+00  0.11704978E+00  0.39073538E-01
 0.41346185E-01  0.42994495E-01  0.40022518E-01  0.48444197E-01  0.20831326E-01  0.51607541E-02  0.63145429E-01  0.67751564E-01  0.26635921E+00  0.59040938E-01
 0.16987687E-01  0.16094977E-01  0.37988648E-01  0.44756409E-01  0.46649840E-01  0.53903691E-01  0.55190030E-01  0.44354558E-01  0.72570525E-01  0.48743624E-01
 0.54340206E-01  0.23076363E-01  0.39413585E-02  0.32837790E+00  0.73533058E+00  0.31032264E+00  0.20356150E+00  0.14320557E+00  0.11121233E+00  0.85423104E-01
 0.11086936E+00  0.12621693E+00  0.11238789E+00  0.46707984E-01  0.10796842E-01  0.14549832E+00  0.12482717E+00  0.48370302E+00  0.13637437E+00  0.40913854E-01
 0.41835558E-01  0.86734086E-01  0.16957363E+00  0.11516549E+00  0.11871415E+00  0.17541803E+00  0.92664935E-01  0.20578539E+00  0.12209328E+00  0.16496244E+00
 0.81424728E-01  0.10471842E-01  0.34753419E-01  0.44537231E-01  0.41679971E-01  0.40400960E-01  0.53300887E-01  0.20615358E-01  0.52116318E-02  0.53574219E-01
 0.48374750E-01  0.18262403E+00  0.66568218E-01  0.17002035E-01  0.18285526E-01  0.41459233E-01  0.45758981E-01  0.42003743E-01  0.54802574E-01  0.34194224E-01
 0.63857533E-01  0.40365987E-01  0.46113983E-01  0.51548354E-01  0.22017945E-01  0.44995272E-02  0.75250670E-01  0.93155421E-01  0.83167620E-01  0.79390801E-01
 0.10986304E+00  0.44484869E-01  0.10539243E-01  0.10070284E+00  0.11716736E+00  0.48822284E+00  0.18538885E+00  0.38809113E-01  0.42511318E-01  0.83073154E-01
 0.96359283E-01  0.89012474E-01  0.10826188E+00  0.77588953E-01  0.11570180E+00  0.96342355E-01  0.95232770E-01  0.10773454E+00  0.44380758E-01  0.84637450E-02
 0.80258958E-01  0.10038872E+00  0.12790810E+00  0.44710275E-01  0.35338998E-01  0.13644700E+00  0.50946340E-01  0.69034234E-01  0.74606739E-01  0.95082581E-01
 0.11784405E+00  0.46246976E-01  0.10434245E+00  0.24639155E+00
 0.20400000E+03 -0.41773050E+05  0.14603093E+01 -0.41567058E+05  0.12571372E+01  0.83954100E+05  0.85189935E+05  0.84541741E+05  0.36958936E+03  0.29100000E+03
 0.12210349E-02  0.11147073E+01  0.98318251E+00  0.97312668E+00  0.92461424E-02  0.60261253E-02  0.11980360E-01  0.10000000E+01  0.23222672E-01  0.12465973E-05
