 0.77574563E+00  0.68920898E+00  0.11269858E+01  0.68338805E+00  0.65430921E+00  0.54491651E+00  0.53107417E+00  0.50037998E+00  0.54671776E+00  0.63235104E+00
 0.57560819E+00  0.57987976E+00  0.60583520E+00 -0.14845297E+00  0.19503352E+00  0.22916470E+00 -0.26158918E-01 -0.14092234E+00  0.91683179E-01 -0.19824004E-01
-0.45389529E-01 -0.80180891E-01  0.82849870E-02 -0.80379279E-03 -0.24551350E+00  0.10750313E+00 -0.74074343E-01 -0.75596996E-01  0.21846682E-01  0.39733440E-01
 0.95676472E-02 -0.49403634E-01  0.16991556E+00  0.10912099E+00  0.24449912E+00 -0.98447744E-02  0.27792016E+00  0.15377688E+00 -0.10787396E+00  0.23767930E-01
-0.17038886E-02  0.26571836E-01 -0.22760304E-01  0.34205861E-01  0.12022696E+00 -0.14324795E-01 -0.27876796E-01  0.30581333E-03  0.54131556E-01  0.73270365E-02
-0.13229258E+00 -0.29426755E-02  0.12964358E-01 -0.21809496E-01 -0.32576960E-01  0.34494765E-01 -0.61854593E-01  0.41394919E-01 -0.12341511E+00 -0.15239228E-01
-0.10293274E+00 -0.54179434E-01  0.12981530E+00 -0.57517726E-01  0.82262931E-02 -0.42811632E+00 -0.23201984E+00 -0.57623565E-01 -0.17373022E+00 -0.66214919E-01
 0.23547803E+00 -0.38447652E-02  0.80385832E-02 -0.64423002E-01  0.10960390E+00  0.14757607E-01 -0.12929216E+00 -0.48947435E-01 -0.79080667E-02  0.92164822E-01
 0.48128876E+00 -0.83322585E-01 -0.20201534E+00  0.52279167E-01  0.64948738E-01  0.11089432E+00  0.43824639E-01 -0.31874333E-01  0.13144964E+00 -0.11769640E-01
 0.20279168E+00 -0.73309195E+00  0.42380339E+00  0.66481002E-01 -0.29664170E-02  0.10931957E+00  0.24705538E+00 -0.20117278E+00  0.38743690E-01 -0.17359575E-01
 0.95608264E-01 -0.16300578E+00  0.18417472E+00  0.26026839E+00  0.39365526E-01  0.17159097E-01 -0.20049185E+00 -0.43199539E+00 -0.31809375E-01  0.27087969E+00
-0.36554489E-01  0.62481504E-01 -0.19942622E+00 -0.19931581E-01  0.22454657E+00 -0.16240709E+00  0.13833073E-01  0.24160075E+00 -0.22715738E-01  0.12253096E+00
-0.12095111E-01  0.19759431E+00
 0.98144382E-01  0.12740847E+00  0.13029724E+00  0.66493832E-01  0.24820695E-01  0.23254188E-01  0.51741187E-01  0.37191816E-01  0.25353648E-01  0.24755884E-01
 0.28003862E-01  0.38338590E-01  0.52406784E-01  0.11528257E+00  0.14227755E+00  0.10268936E+00  0.25043592E+00  0.30971257E-01  0.47924496E-01  0.46686284E-01
 0.44861928E-01  0.52200999E-01  0.21932572E-01  0.52386918E-02  0.54798223E-01  0.68784751E-01  0.17177351E+00  0.58977973E-01  0.17438758E-01  0.21015881E-01
 0.44728659E-01  0.45946784E-01  0.44126775E-01  0.51529907E-01  0.45572113E-01  0.45020346E-01  0.59813716E-01  0.44144236E-01  0.56797363E-01  0.17786961E-01
 0.48623597E-02  0.41120585E-01  0.60201366E-01  0.59567817E-01  0.54653779E-01  0.65730341E-01  0.29247925E-01  0.68357834E-02  0.69077738E-01  0.86599067E-01
 0.31486580E+00  0.81699245E-01  0.23282031E-01  0.23176750E-01  0.55281270E-01  0.59344865E-01  0.56845456E-01  0.69770128E-01  0.58298279E-01  0.59872415E-01
 0.72216205E-01  0.57080660E-01  0.68217687E-01  0.27294109E-01  0.65483595E-02  0.10369179E+00  0.33464964E-01  0.39584756E-01  0.40680245E-01  0.40002957E-01
 0.47636937E-01  0.20208456E-01  0.50222045E-02  0.54469958E-01  0.65787934E-01  0.20502983E+00  0.57260718E-01  0.16545065E-01  0.15417147E-01  0.38391236E-01
 0.43952148E-01  0.40994756E-01  0.51185168E-01  0.46714488E-01  0.44526394E-01  0.61032850E-01  0.43566152E-01  0.48816517E-01  0.22576192E-01  0.40502562E-02
 0.19309357E+00  0.48858687E+00  0.13802446E+00  0.80521725E-01  0.87780505E-01  0.92553928E-01  0.10340506E+00  0.10255819E+00  0.47006067E-01  0.10487558E-01
 0.12584804E+00  0.13069232E+00  0.40504473E+00  0.13786095E+00  0.37204944E-01  0.36578208E-01  0.86053558E-01  0.12077794E+00  0.10228620E+00  0.11275744E+00
 0.12498628E+00  0.97208984E-01  0.14326136E+00  0.98434918E-01  0.13063116E+00  0.57427160E-01  0.99664479E-02  0.60696807E-01  0.69251016E-01  0.79643607E-01
 0.27243430E-01  0.20007193E-01
 0.12200000E+03 -0.27800626E+05  0.11542822E+01 -0.27646726E+05  0.11006770E+01  0.55845251E+05  0.56588691E+05  0.56201043E+05  0.28902992E+03  0.18300000E+03
 0.94279280E-06  0.10649402E+01  0.97684421E+00  0.96393771E+00  0.13302992E-01  0.10312622E-01  0.16150278E-01  0.10000000E+01  0.22940582E-01  0.21619430E-05
