 0.77097456E+00  0.65307417E+00  0.10442372E+01  0.65194485E+00  0.54938779E+00  0.57326573E+00  0.49146066E+00 -0.65154755E-01  0.64683374E+00 -0.46598776E-01
 0.58263489E+00 -0.61787348E-01  0.61208503E+00 -0.41736308E-01  0.64301525E+00  0.23551949E+00 -0.17598382E+00  0.22732546E+00 -0.81420475E-01 -0.11185573E+00
 0.14594627E-02 -0.33932409E-01  0.31729673E-01  0.10929428E+00 -0.34144308E-01 -0.37949281E-01 -0.24851811E-02  0.39545266E-01 -0.32830198E+00  0.28248717E-01
 0.16049153E-01 -0.21578331E-03 -0.38704952E-01  0.79923703E-01 -0.65179199E-01  0.29976166E-01 -0.10832984E+00  0.14688400E-01 -0.13217526E+00 -0.67503856E-01
 0.16432826E+00 -0.67492482E-01  0.10475084E-01  0.27459091E-01 -0.12991613E+00  0.11208052E+00 -0.27762553E-01 -0.37137777E-01 -0.49285462E-01  0.12808883E-01
 0.18679232E-02 -0.23307432E+00 -0.14357003E-02 -0.89417459E-01  0.23749670E-01  0.29833568E-01  0.92689665E-02 -0.68533111E-01  0.17536225E+00  0.10803194E+00
 0.23515266E+00 -0.19836713E-01  0.34470637E+00  0.17491648E+00 -0.13392646E+00  0.31070215E-01 -0.55212324E-02 -0.38217970E+00 -0.39199769E-01 -0.22976741E+00
-0.61577578E-01 -0.17732109E+00 -0.55683118E-01  0.24030141E+00  0.14302812E-01  0.49144632E-02 -0.37121025E-01  0.14632560E+00 -0.14454368E+00 -0.61307490E-01
-0.48091132E-02  0.10204884E+00  0.45907157E+00 -0.97076766E-01 -0.18690782E+00  0.17269084E-01  0.44075709E-01  0.77803644E-01  0.47170170E-01 -0.25734868E-01
 0.12444285E+00 -0.13522462E-01 -0.29242396E+00  0.18678753E+00  0.52836335E+00  0.12262281E-01  0.88648026E-01  0.71668846E-01 -0.72889849E-02  0.10143059E+00
 0.18588036E+00 -0.21022694E+00  0.24380599E-01 -0.16924829E-01  0.36599629E-01 -0.56470349E-01  0.33934815E+00  0.54001970E-01  0.31409941E-01 -0.19069861E+00
-0.50185799E+00  0.18181493E-01  0.26934709E+00  0.64328565E-01  0.10001175E+00 -0.13646474E+00  0.17872491E-01  0.12838842E+00 -0.14191860E+00  0.11205817E-01
-0.72809499E-01  0.72320488E-01  0.60809328E-01  0.18589216E-01  0.20841568E+00 -0.23844527E-01  0.19772335E+00 -0.32864855E-01  0.72645674E+00 -0.27287899E-01
 0.56241435E+00
 0.95097514E-01  0.11137283E+00  0.17575090E+00  0.25321737E-01  0.24534235E-01  0.60091425E-01  0.37704793E-01  0.17470991E-01  0.27169050E-01  0.18705063E-01
 0.30499363E-01  0.33486814E-01  0.41599842E-01  0.30654850E-01  0.64434834E-01  0.15905885E+00  0.12210387E+00  0.10906344E+00  0.46876089E+00  0.12060628E+00
 0.45951457E-01  0.69403777E-01  0.64677800E-01  0.59739428E-01  0.73370491E-01  0.33569394E-01  0.75939176E-02  0.72009572E-01  0.30991971E+00  0.91286745E-01
 0.24492979E-01  0.25150817E-01  0.61124873E-01  0.67758366E-01  0.62470127E-01  0.76197930E-01  0.65787253E-01  0.66829702E-01  0.80698368E-01  0.63676608E-01
 0.76393387E-01  0.30665388E-01  0.65299927E-02  0.91121756E-01  0.33368402E-01  0.53146330E-01  0.49149825E-01  0.47152751E-01  0.56768584E-01  0.24018446E-01
 0.56227295E-02  0.54917240E-01  0.19990838E+00  0.62584299E-01  0.18327868E-01  0.22181767E-01  0.48162079E-01  0.49713504E-01  0.47355418E-01  0.55936326E-01
 0.49172478E-01  0.47920980E-01  0.63419585E-01  0.48085132E-01  0.60562440E-01  0.18344575E-01  0.50827571E-02  0.16743084E+00  0.43924430E-01  0.38996502E-01
 0.44463334E-01  0.42668075E-01  0.41895020E-01  0.50071702E-01  0.21652736E-01  0.54277862E-02  0.61566092E-01  0.26332587E+00  0.60770654E-01  0.17546563E-01
 0.16573553E-01  0.40487633E-01  0.47520234E-01  0.48597848E-01  0.55476255E-01  0.56494872E-01  0.46334282E-01  0.81104840E-01  0.51241198E-01  0.55468378E-01
 0.23652130E-01  0.43973388E-02  0.14211633E+01  0.44982113E+00  0.34872427E+00  0.59067312E-01  0.18654266E+00  0.11855729E+00  0.12678453E+00  0.11879122E+00
 0.18705865E+00  0.12373836E+00  0.74355276E-01  0.11216588E-01  0.18369723E+00  0.62126825E+00  0.15617546E+00  0.43078763E-01  0.35147740E-01  0.10655272E+00
 0.24064417E+00  0.18680332E+00  0.12280303E+00  0.26328868E+00  0.10175084E+00  0.35026334E+00  0.18553905E+00  0.30635731E+00  0.12402169E+00  0.18890995E-01
 0.97448045E-01  0.50834055E-01  0.10851401E+00  0.85244143E-01  0.69261638E-01  0.45519675E-01  0.37234577E-01  0.15235598E+00  0.76829219E-01  0.30666089E-01
 0.35758063E-01
 0.13100000E+03 -0.24598295E+05  0.11865180E+01  0.49458590E+05  0.50240712E+05  0.49824478E+05  0.54981736E-07
