 0.81276345E+00  0.71353507E+00  0.10188575E+01  0.77356344E+00  0.64978784E+00  0.52804893E+00  0.61075920E+00  0.48598781E+00 -0.32591745E-01  0.56788611E+00
-0.71309045E-01  0.62198997E+00 -0.28664788E-01  0.56987798E+00 -0.67363948E-01  0.61522716E+00 -0.60019489E-01  0.69569951E+00  0.30227246E-01  0.68704195E-01
 0.73763442E+00 -0.90213455E-02 -0.70608682E-02  0.75297916E+00 -0.25795098E-01  0.22355053E-02  0.94639593E+00 -0.28252656E-01 -0.85114064E-02  0.96266472E+00
 0.36898829E-01 -0.15593080E-03  0.12974684E+01 -0.15714489E+00  0.67471400E-01  0.21960944E+00 -0.39450842E+00  0.16692376E+00  0.22636063E+00 -0.12676495E+00
 0.12082965E+00  0.32451797E-01 -0.75581208E-01 -0.82530357E-01 -0.10532138E-02  0.43393271E-02 -0.93057960E-01 -0.11856013E+00  0.31671397E-01  0.69792941E-02
 0.43428518E-01 -0.59156206E-01  0.16064197E+00  0.76269642E-01  0.26883006E+00 -0.14520976E-01  0.25343871E+00  0.12401645E+00 -0.11360028E+00  0.28328011E-01
-0.32835002E-02  0.28200146E-01 -0.24710173E-01  0.79695042E-02  0.15584083E+00  0.32432705E-01 -0.19851830E-01 -0.37942852E-02 -0.19194424E+00  0.29101852E-01
 0.11971924E-01  0.33558182E-01 -0.50340150E-01  0.10818103E+00 -0.40581275E-01  0.81517905E-01 -0.17411062E+00  0.22832708E-01 -0.81703529E-01 -0.30462733E-01
 0.19637759E+00 -0.59559397E-01  0.51486120E-02 -0.13120490E+01 -0.56854957E+00 -0.38642341E+00  0.81696622E-01 -0.14369471E+00 -0.15427600E+00  0.32515753E-01
-0.36574204E-02  0.12946772E-01 -0.19045422E-02 -0.17510001E+00 -0.27037140E-01 -0.56451592E-02  0.18510487E-01  0.36706239E+00 -0.49578641E-01 -0.12479088E+00
 0.23706205E+00  0.32772340E-01  0.33422425E+00  0.14545156E+00 -0.71660541E-01  0.14813003E+00 -0.11593445E-01  0.29471284E+00  0.21622947E+00  0.93672967E+00
 0.36902735E+00 -0.28864563E-01  0.23856181E+00  0.63186929E-01  0.14841375E+00  0.24233821E+00 -0.16014351E+00  0.62351815E-01 -0.18958868E-01  0.30954611E+00
 0.21342230E+00  0.84433734E-01  0.74359383E-02 -0.18262719E+00 -0.70211452E+00  0.23939149E+00  0.24386548E+00  0.19748156E+00 -0.86290799E-02 -0.13882050E+00
 0.11706877E-01 -0.67794986E-01 -0.11299372E+00  0.12512451E-01 -0.34287829E-01  0.33706687E-01 -0.93281940E-02  0.30980669E-01 -0.15188088E+00 -0.79469150E-02
 0.41953065E-02  0.23609686E+00  0.57540976E-01 -0.83050830E-02 -0.57514035E-02 -0.23331162E+00 -0.10768423E-01 -0.89221589E-01  0.45353910E-02 -0.41523688E-01
-0.47530826E-01  0.31166118E-01  0.26988510E-01  0.27913634E-01  0.13648898E-01  0.79543358E-02  0.16874243E+00 -0.18511122E-01 -0.60018118E-01  0.42926818E-01
 0.16132335E+00 -0.78326911E-01  0.24452363E-02  0.27381727E+00  0.13623652E+00 -0.41287292E-01  0.18541487E-01  0.18635766E+00 -0.17728142E-02  0.10931010E+00
 0.22123227E-01 -0.98686412E-01  0.10180840E+00 -0.79443738E-01 -0.94962232E-01  0.14446127E-01 -0.33130791E-01 -0.13140666E-01  0.87576456E-01  0.15726723E+00
-0.14359562E+00  0.19362232E+00  0.10051398E+00 -0.15395162E+00 -0.84735230E-01  0.48530545E-01  0.24068071E+00  0.53287208E-01 -0.14762598E+00  0.66346653E-01
-0.17903073E+00  0.64767051E+00
 0.11736427E+00  0.11371447E+00  0.30374596E+00  0.19679369E+00  0.26757497E-01  0.26728533E-01  0.58222327E-01  0.47697213E-01  0.35107214E-01  0.37490796E-01
 0.18914478E-01  0.29110828E-01  0.19395977E-01  0.32742117E-01  0.36483593E-01  0.47071841E-01  0.35230421E-01  0.75597592E-01  0.46594542E-01  0.30537138E-01
 0.90614758E-01  0.27044779E-01  0.19921290E-01  0.76132469E-01  0.36235999E-01  0.24070567E-01  0.10903758E+00  0.51320318E-01  0.44869017E-01  0.17541297E+00
 0.55195570E-01  0.54903794E-01  0.27895063E+00  0.12852190E+00  0.16131400E+00  0.46575895E+00  0.33498043E+00  0.11710944E+00  0.24933536E+00  0.36859445E-01
 0.59066985E-01  0.50519686E-01  0.52603208E-01  0.59893548E-01  0.24518339E-01  0.59487517E-02  0.18289416E+00  0.68194054E-01  0.19133519E-01  0.24509490E-01
 0.51047795E-01  0.54133456E-01  0.50976571E-01  0.57674024E-01  0.50170742E-01  0.51891241E-01  0.69054589E-01  0.52132208E-01  0.65967947E-01  0.21665521E-01
 0.54401900E-02  0.50187923E-01  0.75352728E-01  0.65616585E-01  0.62821679E-01  0.74836858E-01  0.35284895E-01  0.82555274E-02  0.38136852E+00  0.93958080E-01
 0.25035670E-01  0.27709899E-01  0.63258745E-01  0.71574859E-01  0.64591065E-01  0.81192836E-01  0.63229486E-01  0.70122309E-01  0.83846584E-01  0.67009643E-01
 0.84572621E-01  0.35972748E-01  0.64966786E-02  0.43775983E+01  0.16441237E+01  0.62110978E+00  0.61538744E+00  0.15120231E+00  0.30056629E+00  0.59900558E+00
 0.38688790E-01  0.27573891E-01  0.35993364E+00  0.45516226E+00  0.12405528E+00  0.38430415E-01  0.20166020E+00  0.28006196E+00  0.57245016E+00  0.33913833E+00
 0.11049685E+01  0.17416234E+00  0.11598036E+01  0.60432059E+00  0.48840606E+00  0.14229183E+00  0.87425597E-02  0.30304006E+00  0.55274683E+00  0.59038246E+00
 0.26106551E+00  0.21007562E+00  0.18950146E+00  0.11363818E+00  0.14349473E+00  0.14247629E+00  0.16121563E+00  0.56973692E-01  0.14397595E-01  0.49847111E+00
 0.18191953E+00  0.51850863E-01  0.46328489E-01  0.12087215E+00  0.29594681E+00  0.15986076E+00  0.17880492E+00  0.16532414E+00  0.12825526E+00  0.17364529E+00
 0.12323443E+00  0.17432602E+00  0.87000817E-01  0.10892923E-01  0.41736122E-01  0.49385373E-01  0.48016444E-01  0.47904819E-01  0.55413332E-01  0.23276798E-01
 0.65736878E-02  0.23560554E+00  0.63719876E-01  0.19556368E-01  0.19407023E-01  0.47507320E-01  0.53573746E-01  0.46265204E-01  0.60772166E-01  0.40142071E-01
 0.64833961E-01  0.48940241E-01  0.52201144E-01  0.52997570E-01  0.23447508E-01  0.45293891E-02  0.86370692E-01  0.10708004E+00  0.94923422E-01  0.95040098E-01
 0.11755860E+00  0.51024344E-01  0.14032984E-01  0.48193347E+00  0.19221912E+00  0.41697174E-01  0.52095722E-01  0.91505997E-01  0.10636212E+00  0.97185224E-01
 0.12040249E+00  0.91889620E-01  0.12387226E+00  0.11113111E+00  0.10637162E+00  0.11294948E+00  0.52603502E-01  0.89363400E-02  0.18993025E+00  0.23522581E+00
 0.30501992E+00  0.10722721E+01  0.33455199E+00  0.22890936E+00  0.46105582E-01  0.53461332E-01  0.64942718E-01  0.83965316E-01  0.95924772E-01  0.88108994E-01
 0.96444689E-01  0.24139524E+00
 0.19200000E+03 -0.30073604E+05  0.13969658E+01 -0.29894934E+05  0.12153241E+01  0.60531208E+05  0.61636644E+05  0.61026622E+05  0.32856517E+03  0.27300000E+03
 0.11863495E-01  0.10875762E+01  0.98275210E+00  0.97251707E+00  0.93283513E-02  0.46901728E-02  0.12841452E-01  0.10000000E+01  0.28792412E-01  0.40984887E-07
