 0.77333957E+00  0.69224465E+00  0.11294633E+01  0.68241978E+00  0.65507245E+00  0.54481220E+00  0.53035390E+00  0.50021470E+00  0.54619533E+00  0.63286144E+00
 0.57584465E+00  0.57955265E+00  0.60544360E+00 -0.14335701E+00  0.20303792E+00  0.22896335E+00 -0.39844371E-01 -0.14182457E+00  0.93536153E-01 -0.23647334E-01
-0.45680683E-01 -0.79406589E-01  0.94328132E-02 -0.15334319E-02 -0.24579048E+00  0.10733819E+00 -0.74122235E-01 -0.73530287E-01  0.20467507E-01  0.41023526E-01
 0.11755508E-01 -0.49913988E-01  0.16976652E+00  0.10992072E+00  0.24428310E+00 -0.92227412E-02  0.27774227E+00  0.15327711E+00 -0.10768604E+00  0.24216585E-01
-0.21503405E-02  0.26631886E-01 -0.24783265E-01  0.32760628E-01  0.12039577E+00 -0.12636690E-01 -0.28328970E-01  0.45645336E-03  0.53646915E-01  0.74213315E-02
-0.13357474E+00 -0.21226364E-02  0.92966035E-02 -0.22969408E-01 -0.33718880E-01  0.34418866E-01 -0.61208755E-01  0.44756256E-01 -0.12388909E+00 -0.15342245E-01
-0.10262205E+00 -0.53609468E-01  0.12660991E+00 -0.57380315E-01  0.86219404E-02 -0.42817983E+00 -0.23114772E+00 -0.56756157E-01 -0.17159177E+00 -0.66361085E-01
 0.23272420E+00 -0.21941839E-02  0.78281220E-02 -0.62782973E-01  0.11066134E+00  0.16268793E-01 -0.13035773E+00 -0.49929645E-01 -0.72376090E-02  0.94565190E-01
 0.48127517E+00 -0.83295383E-01 -0.20456871E+00  0.53667642E-01  0.64284302E-01  0.11250021E+00  0.44622518E-01 -0.31470045E-01  0.13065088E+00 -0.12539594E-01
 0.20081767E+00 -0.73107910E+00  0.42406315E+00  0.64095713E-01 -0.28388146E-02  0.10473066E+00  0.24616683E+00 -0.19913347E+00  0.36722567E-01 -0.16977344E-01
 0.92421710E-01 -0.16218735E+00  0.18256609E+00  0.26240969E+00  0.46184760E-01  0.16037682E-01 -0.19906591E+00 -0.43214220E+00 -0.32519415E-01  0.28114682E+00
-0.36587138E-01  0.63190952E-01 -0.19923352E+00 -0.20587094E-01  0.22023585E+00 -0.16202989E+00  0.13674873E-01  0.24248502E+00 -0.23669502E-01  0.12351462E+00
-0.12198362E-01  0.19753592E+00
 0.97860068E-01  0.12758380E+00  0.13037308E+00  0.66987239E-01  0.24738699E-01  0.23217674E-01  0.51852953E-01  0.37248593E-01  0.25461042E-01  0.24776980E-01
 0.28014109E-01  0.38309712E-01  0.52389920E-01  0.11460672E+00  0.14165227E+00  0.10260589E+00  0.25035888E+00  0.30952092E-01  0.47954116E-01  0.46602439E-01
 0.44911593E-01  0.52199885E-01  0.21901188E-01  0.52457824E-02  0.54781597E-01  0.68848081E-01  0.17261972E+00  0.59002992E-01  0.17158665E-01  0.21165526E-01
 0.44907812E-01  0.45934614E-01  0.44124514E-01  0.51555451E-01  0.45516491E-01  0.45014247E-01  0.59856452E-01  0.44054799E-01  0.56819495E-01  0.17774412E-01
 0.48788032E-02  0.41062552E-01  0.60159311E-01  0.59379283E-01  0.54641858E-01  0.65597996E-01  0.29202672E-01  0.68440102E-02  0.68961412E-01  0.86394124E-01
 0.31472218E+00  0.81747346E-01  0.22693880E-01  0.23356577E-01  0.55418804E-01  0.59355024E-01  0.56884047E-01  0.69733866E-01  0.58252931E-01  0.59855312E-01
 0.72259061E-01  0.56923408E-01  0.67990348E-01  0.27294051E-01  0.64576590E-02  0.10441227E+00  0.33513810E-01  0.39555911E-01  0.40639684E-01  0.40039606E-01
 0.47625437E-01  0.20140173E-01  0.49927235E-02  0.54526355E-01  0.65755792E-01  0.20497820E+00  0.57141297E-01  0.16527819E-01  0.15559288E-01  0.38435675E-01
 0.43950055E-01  0.41095030E-01  0.51266689E-01  0.46730693E-01  0.44635594E-01  0.61186247E-01  0.43626420E-01  0.48834302E-01  0.22419846E-01  0.40415381E-02
 0.19279927E+00  0.48822352E+00  0.13811684E+00  0.80413297E-01  0.87857842E-01  0.92111528E-01  0.10319845E+00  0.10256347E+00  0.47039814E-01  0.10480413E-01
 0.12544636E+00  0.13038366E+00  0.40491045E+00  0.13764827E+00  0.36144834E-01  0.37036344E-01  0.86120710E-01  0.12086105E+00  0.10219567E+00  0.11238749E+00
 0.12501524E+00  0.97161241E-01  0.14331384E+00  0.98175779E-01  0.12937061E+00  0.57344865E-01  0.98964917E-02  0.61065901E-01  0.69557145E-01  0.79662919E-01
 0.27475683E-01  0.20009041E-01
 0.12200000E+03 -0.27800805E+05  0.11532180E+01 -0.27646607E+05  0.10998860E+01  0.55845609E+05  0.56589049E+05  0.56201401E+05  0.28975558E+03  0.18300000E+03
 0.81983832E-06  0.10643313E+01  0.97670609E+00  0.96372260E+00  0.13348437E-01  0.10364278E-01  0.16192056E-01  0.10000000E+01  0.22984287E-01  0.21721442E-05
