 0.76907074E+00  0.66471642E+00  0.11151481E+01  0.65720898E+00  0.54782218E+00  0.52944821E+00  0.49768734E+00 -0.67842312E-01  0.63677680E+00 -0.49089938E-01
 0.57498896E+00 -0.49436361E-01  0.58341151E+00 -0.28463664E-01  0.60956746E+00  0.18422626E+00 -0.13204592E+00  0.28805476E+00 -0.18459778E+00 -0.72150319E-02
 0.24886709E-01 -0.14492948E-01  0.40159378E-01  0.12178332E+00 -0.20994894E-01 -0.30612169E-01 -0.23542078E-03  0.62277608E-01  0.22633564E-01 -0.11316244E+00
-0.96564228E-02  0.22122288E-01 -0.20892883E-01 -0.30402372E-01  0.15423001E-01 -0.66496380E-01  0.67216881E-01 -0.10051969E+00 -0.54024134E-01 -0.85205033E-01
-0.58398429E-01  0.12219866E+00 -0.59100714E-01  0.62797698E-02 -0.10889590E+00 -0.14124499E+00  0.84701099E-01 -0.34110203E-01 -0.43005094E-01 -0.60896449E-01
 0.12622963E-01 -0.86050824E-03 -0.25657487E+00  0.79438835E-01 -0.91716141E-01 -0.53909551E-01  0.11059990E-01  0.41117437E-01  0.16152287E-01 -0.10041635E-01
 0.17888787E+00  0.72553545E-01  0.20786364E+00  0.52806422E-01  0.24612993E+00  0.15938403E+00 -0.95964335E-01  0.24600232E-01 -0.16551052E-02 -0.36164775E+00
-0.69795093E-02 -0.21950045E+00 -0.62404554E-01 -0.17463793E+00 -0.62149607E-01  0.24178869E+00 -0.25005450E-02  0.82176924E-02 -0.44915758E-01  0.10006040E+00
 0.15496388E-01 -0.12736179E+00 -0.76659553E-01 -0.73087974E-02  0.91587365E-01  0.47982877E+00 -0.91274977E-01 -0.20938802E+00  0.38467739E-01  0.64412087E-01
 0.94328389E-01  0.33648103E-01 -0.25944715E-01  0.12915070E+00 -0.11816241E-01 -0.33508977E+00  0.13390140E+00  0.42817602E+00  0.34334920E-01  0.42942394E-01
 0.10213478E-01  0.97645700E-01  0.19559339E+00 -0.20523016E+00  0.47346875E-01 -0.17489774E-01  0.54268591E-01 -0.15366684E+00  0.20364214E+00  0.26672232E+00
 0.73283531E-01  0.24362864E-01 -0.18725711E+00 -0.44402319E+00 -0.11500967E-02  0.26614803E+00  0.26545912E-01  0.66032648E-01 -0.14129326E+00  0.10021371E-01
 0.16560243E+00 -0.13790931E+00  0.10304563E-01 -0.13346960E+00  0.62025346E-01  0.10413799E+00  0.80078179E-02  0.19115055E+00 -0.20785969E-01  0.20295398E+00
 0.32870721E-01  0.67956209E+00 -0.17049193E-01  0.54838413E+00
 0.10263191E+00  0.11961063E+00  0.14125977E+00  0.26332473E-01  0.24030307E-01  0.58877543E-01  0.38225617E-01  0.16600793E-01  0.24982793E-01  0.17535092E-01
 0.28184140E-01  0.29663267E-01  0.39032973E-01  0.28184000E-01  0.57405699E-01  0.14306155E+00  0.10968999E+00  0.10079993E+00  0.26019263E+00  0.95226683E-01
 0.41353606E-01  0.59769873E-01  0.59567802E-01  0.54593060E-01  0.66769652E-01  0.28816249E-01  0.65791099E-02  0.68858832E-01  0.86033925E-01  0.32339725E+00
 0.81546031E-01  0.23637583E-01  0.23591541E-01  0.55468801E-01  0.60403813E-01  0.57682019E-01  0.71071997E-01  0.58779027E-01  0.60844313E-01  0.72213352E-01
 0.56876525E-01  0.68743788E-01  0.27622223E-01  0.62144077E-02  0.74516058E-01  0.30405572E-01  0.45976527E-01  0.45441192E-01  0.43129772E-01  0.50148539E-01
 0.20522583E-01  0.47979993E-02  0.52663755E-01  0.66428028E-01  0.18635212E+00  0.55326093E-01  0.16809294E-01  0.20512884E-01  0.42957049E-01  0.44377245E-01
 0.43066934E-01  0.50494913E-01  0.44192716E-01  0.43701965E-01  0.58381356E-01  0.42443939E-01  0.54767769E-01  0.17009927E-01  0.46375045E-02  0.17106713E+00
 0.46938878E-01  0.37836485E-01  0.40127903E-01  0.39792616E-01  0.39412715E-01  0.46935759E-01  0.19746246E-01  0.48851999E-02  0.63539580E-01  0.65288797E-01
 0.19851099E+00  0.56150213E-01  0.16394177E-01  0.16177695E-01  0.37334830E-01  0.43060258E-01  0.47285467E-01  0.49956132E-01  0.51949859E-01  0.43837465E-01
 0.67308784E-01  0.48078131E-01  0.49824484E-01  0.22416161E-01  0.39408724E-02  0.67171121E+00  0.36902082E+00  0.30841589E+00  0.92169680E-01  0.11624219E+00
 0.82701780E-01  0.10631258E+00  0.12377265E+00  0.11043877E+00  0.47615454E-01  0.98770643E-02  0.15598412E+00  0.11824159E+00  0.33619088E+00  0.13094600E+00
 0.43572564E-01  0.39687801E-01  0.87490924E-01  0.16489466E+00  0.12098850E+00  0.11813149E+00  0.15308939E+00  0.10466797E+00  0.17393100E+00  0.11864959E+00
 0.14722474E+00  0.78681208E-01  0.98579898E-02  0.76064117E-01  0.45359217E-01  0.10583434E+00  0.86098894E-01  0.71596548E-01  0.40905196E-01  0.34281939E-01
 0.13295335E+00  0.78168921E-01  0.26476603E-01  0.33963069E-01
 0.13400000E+03 -0.27653558E+05  0.11884779E+01 -0.27518642E+05  0.11150748E+01  0.55575116E+05  0.56391681E+05  0.55965903E+05  0.25438211E+03  0.18100000E+03
 0.26387314E-03  0.10607321E+01  0.98449050E+00  0.97472209E+00  0.11127983E-01  0.77117227E-02  0.14203916E-01  0.10000000E+01  0.21971862E-01  0.15857312E-05
