 0.75483632E+00  0.65068173E+00  0.10611478E+01  0.70876020E+00  0.65135163E+00  0.54392982E+00  0.54180926E+00  0.49355656E+00 -0.23859221E-01  0.54939854E+00
-0.62813155E-01  0.63488615E+00 -0.49908821E-01  0.57796597E+00 -0.50149031E-01  0.58908081E+00 -0.29539296E-01  0.60658294E+00  0.23400404E-01  0.12397771E-01
 0.69648123E+00 -0.15585009E-01 -0.30331835E-01  0.89114559E+00 -0.18973079E-02 -0.28430296E-01  0.10416412E+01  0.56618430E-01 -0.22513809E-01  0.12082150E+01
-0.16187979E+00  0.37210882E-01  0.15765309E+01 -0.14506756E+00  0.22639699E+00  0.27509609E+00 -0.24192232E+00  0.16197905E+00 -0.14788452E+00 -0.13302349E+00
 0.95027164E-01 -0.32192595E-01 -0.38120382E-01 -0.65567359E-01  0.54403436E-02  0.86097483E-03 -0.24489063E+00  0.11392396E+00 -0.10901354E-01 -0.74048586E-01
 0.14453398E-01  0.39751910E-01 -0.56415983E-03 -0.44741258E-01  0.17737158E+00  0.10975257E+00  0.24852130E+00 -0.51169340E-02  0.29251507E+00  0.15438083E+00
-0.11511537E+00  0.17740665E-01 -0.11089061E-03  0.18202342E-01 -0.19275486E-01  0.39777633E-01  0.11647209E+00 -0.20651974E-01 -0.21281902E-01 -0.33930887E-02
 0.57215255E-01  0.54931343E-02 -0.29429257E+00  0.11767088E-01  0.99340528E-02 -0.22666125E-01 -0.20169521E-01  0.45459703E-01 -0.59780277E-01  0.29255940E-01
-0.12174528E+00 -0.83077205E-02 -0.12729381E+00 -0.69150470E-01  0.14000800E+00 -0.56831114E-01  0.73496853E-02 -0.36955589E+00 -0.19911421E-01 -0.21740970E+00
-0.66396751E-01 -0.17883447E+00 -0.57009213E-01  0.24293678E+00  0.86592445E-02  0.61788666E-02 -0.36889605E-01  0.10052992E+00  0.15091182E+00 -0.13611308E+00
-0.87151207E-01 -0.27752258E-02  0.95740460E-01  0.47650316E+00 -0.93365930E-01 -0.19376022E+00  0.37370469E-01  0.56279883E-01  0.91300733E-01  0.42368881E-01
-0.29907783E-01  0.13407715E+00 -0.11660136E-01  0.17147672E+00 -0.24908298E+00  0.48180327E+00  0.96018665E-01 -0.36730442E-01  0.46753205E-01  0.12796679E-01
 0.10874230E+00  0.16332607E+00 -0.22382884E+00  0.31797025E-01 -0.15736420E-01  0.44265859E-01 -0.15234599E+00 -0.88822424E-01  0.33963084E+00  0.99124625E-01
 0.22944525E-01 -0.18836041E+00 -0.46656173E+00  0.14575347E-01  0.29874286E+00  0.15915638E-01  0.78930646E-01 -0.11825353E+00  0.64116735E-02  0.16445602E+00
-0.15011595E+00  0.94624171E-02 -0.62347494E-01  0.28461533E-01 -0.88052861E-01  0.26909165E-01 -0.29062619E-01  0.15204975E-01 -0.45849616E-02  0.69920155E-02
-0.22143230E-01  0.38484797E+00 -0.85126134E-02  0.67283846E-02 -0.15800634E-01  0.12148001E-01 -0.30478040E-01 -0.10409108E-01 -0.51916759E-01 -0.55452798E-01
 0.48367567E-01 -0.12721862E-01  0.24389675E-01 -0.80149993E-01  0.23556501E-01 -0.51601585E-02  0.27871383E-01 -0.20372173E-01  0.65820262E-01 -0.38099822E-01
 0.43968890E-01 -0.53976513E-01  0.10030670E-01  0.15881012E+00 -0.24624132E-01 -0.51105297E+00  0.16588692E+00 -0.21621492E-01  0.15116610E-01 -0.24676567E-01
 0.15537913E-01 -0.35842124E-01  0.12663229E+00  0.72550960E-01  0.12838146E+00  0.12405454E+00  0.11338410E+00  0.11441896E+00 -0.59084747E-01  0.33139952E-02
 0.22266534E+00  0.37673563E-02  0.99590205E-01 -0.22663340E-01  0.20253146E+00 -0.57342055E-03 -0.55627551E-01 -0.22972872E-01  0.29224893E+00  0.27549436E-01
 0.10660514E-01  0.21199528E-02 -0.11902501E+00  0.60504675E+00
 0.11495489E+00  0.12168027E+00  0.15333866E+00  0.85896589E-01  0.26819585E-01  0.23855152E-01  0.60058869E-01  0.39181892E-01  0.27468966E-01  0.34014102E-01
 0.17011067E-01  0.25594594E-01  0.17770266E-01  0.28886599E-01  0.30054234E-01  0.39209548E-01  0.29191034E-01  0.59546132E-01  0.53613313E-01  0.31617101E-01
 0.82117572E-01  0.27268596E-01  0.21795940E-01  0.85150518E-01  0.35766453E-01  0.28939446E-01  0.10831119E+00  0.58559570E-01  0.41286342E-01  0.18283013E+00
 0.63757107E-01  0.51216386E-01  0.28359571E+00  0.11761910E+00  0.15140784E+00  0.10454511E+00  0.29180771E+00  0.10955074E+00  0.23327662E+00  0.31451102E-01
 0.48630495E-01  0.47564749E-01  0.45684706E-01  0.54595862E-01  0.23458090E-01  0.55648317E-02  0.54945402E-01  0.70739970E-01  0.20249593E+00  0.61737794E-01
 0.18116416E-01  0.21502644E-01  0.45634206E-01  0.47371242E-01  0.45095991E-01  0.54889817E-01  0.47108967E-01  0.46576943E-01  0.60056642E-01  0.45660216E-01
 0.57707548E-01  0.18136967E-01  0.49161795E-02  0.43125872E-01  0.63764669E-01  0.62785260E-01  0.57702802E-01  0.71779706E-01  0.31487145E-01  0.73128189E-02
 0.71747355E-01  0.92796855E-01  0.34556511E+00  0.89131117E-01  0.24972368E-01  0.24689276E-01  0.58393214E-01  0.63513495E-01  0.59892748E-01  0.78454681E-01
 0.63148253E-01  0.64190507E-01  0.75544968E-01  0.61352085E-01  0.71829431E-01  0.29002065E-01  0.67190542E-02  0.16589703E+00  0.11739891E+00  0.38830083E-01
 0.41513432E-01  0.42811960E-01  0.39886504E-01  0.48332963E-01  0.20777503E-01  0.51458734E-02  0.62704407E-01  0.67732915E-01  0.26599851E+00  0.58748536E-01
 0.16846105E-01  0.16018799E-01  0.38006701E-01  0.44660874E-01  0.46501156E-01  0.53587083E-01  0.54814506E-01  0.44327512E-01  0.72211370E-01  0.48451625E-01
 0.54246496E-01  0.22950618E-01  0.40346184E-02  0.32295358E+00  0.70908630E+00  0.31393611E+00  0.20493968E+00  0.14407964E+00  0.11061198E+00  0.85381687E-01
 0.11108231E+00  0.12352863E+00  0.11314214E+00  0.46617810E-01  0.10781120E-01  0.14386693E+00  0.12484539E+00  0.48273042E+00  0.13621542E+00  0.44429813E-01
 0.39826375E-01  0.86094134E-01  0.17050347E+00  0.11351059E+00  0.11880688E+00  0.17070526E+00  0.92816420E-01  0.20120901E+00  0.11977763E+00  0.16325185E+00
 0.80661625E-01  0.10087491E-01  0.34736302E-01  0.44435002E-01  0.41704930E-01  0.40358204E-01  0.53327814E-01  0.20540260E-01  0.52053062E-02  0.53481821E-01
 0.48403122E-01  0.18145654E+00  0.66606075E-01  0.18279994E-01  0.18465066E-01  0.41034639E-01  0.45644060E-01  0.42155296E-01  0.54789782E-01  0.34287661E-01
 0.63954368E-01  0.40399548E-01  0.46067059E-01  0.51615145E-01  0.22032356E-01  0.44648410E-02  0.75156748E-01  0.93073130E-01  0.82855918E-01  0.79295412E-01
 0.10971255E+00  0.44388041E-01  0.10510403E-01  0.10063238E+00  0.11740147E+00  0.48949632E+00  0.18563055E+00  0.39237771E-01  0.42380273E-01  0.82750216E-01
 0.96098721E-01  0.89129753E-01  0.10816844E+00  0.77613205E-01  0.11572114E+00  0.96441485E-01  0.95076546E-01  0.10763577E+00  0.44487879E-01  0.84895873E-02
 0.79337172E-01  0.99082738E-01  0.12582877E+00  0.44001840E-01  0.35240401E-01  0.13720113E+00  0.50678574E-01  0.68728574E-01  0.74597836E-01  0.94738163E-01
 0.11736521E+00  0.46074111E-01  0.10451064E+00  0.24684781E+00
 0.20400000E+03 -0.41770224E+05  0.14613843E+01 -0.41565920E+05  0.12582858E+01  0.83948448E+05  0.85184283E+05  0.84536089E+05  0.36616661E+03  0.29100000E+03
 0.18134172E-02  0.11159074E+01  0.98390301E+00  0.97427800E+00  0.90425551E-02  0.57452432E-02  0.11806824E-01  0.10000000E+01  0.23166360E-01  0.13150496E-05
