 0.69977379E+00  0.67902994E+00  0.53509605E+00  0.55321050E+00  0.46824983E+00  0.55476540E+00  0.63291335E+00  0.57442683E+00  0.58073485E+00  0.61436766E+00
-0.15906151E+00  0.31180772E+00  0.26671833E+00 -0.38362868E-01 -0.14223047E+00  0.98294444E-01 -0.49554002E-02 -0.13007463E-01 -0.89788064E-01  0.12067913E-01
-0.20416989E-02 -0.23097740E+00  0.10177828E+00 -0.11701420E+00 -0.90122432E-01  0.23136333E-01  0.43422811E-01  0.16539367E-01 -0.42635351E-01  0.17403412E+00
 0.10219295E+00  0.23272483E+00 -0.95803738E-02  0.26596704E+00  0.14819397E+00 -0.88296823E-01  0.19033892E-01  0.11105618E-03  0.34575947E-01 -0.38887285E-01
 0.35901803E-02  0.87677002E-01  0.67014592E-02 -0.49259197E-01  0.32280870E-02  0.37804831E-01  0.24325928E-01 -0.66465430E-01  0.54546833E-01  0.13020997E-01
-0.37478305E-01 -0.49568385E-01  0.29499281E-01 -0.10028178E+00  0.81386760E-01 -0.14342424E+00 -0.17529257E-01 -0.11340024E+00 -0.62729158E-01  0.12679376E+00
-0.67149036E-01  0.38335340E-02 -0.46347329E+00 -0.23414700E+00 -0.50767891E-01 -0.17011991E+00 -0.52535344E-01  0.23144326E+00 -0.20935637E-04  0.77041620E-02
-0.63452467E-01  0.10819229E+00 -0.10435527E-01 -0.14163722E+00 -0.73561750E-01 -0.12831078E-02  0.95451772E-01  0.47900218E+00 -0.71871929E-01 -0.20089771E+00
 0.58600564E-01  0.62364548E-01  0.11676198E+00  0.47145471E-01 -0.29024355E-01  0.12890406E+00 -0.11267613E-01  0.34999600E+00 -0.80552065E+00  0.61630625E+00
 0.12526798E+00 -0.15257044E-01  0.12313702E+00  0.23138767E+00 -0.23279446E+00  0.16932795E-01 -0.16259037E-01  0.10663711E+00 -0.16992058E+00  0.24622861E+00
 0.34391046E+00  0.90525940E-01 -0.59583113E-02 -0.23869364E+00 -0.52024752E+00 -0.68924151E-01  0.34196532E+00 -0.85961550E-01  0.50544333E-01 -0.25173882E+00
-0.48373062E-01  0.24019422E+00 -0.19795008E+00  0.13756884E-01  0.23122872E+00 -0.94251521E-02  0.16088364E+00  0.21242502E-02  0.18077104E+00 -0.88437334E-01
 0.45043133E-01  0.21318594E-01  0.22097878E-01  0.35493497E-01  0.38519479E-01  0.33711314E-01  0.24809152E-01  0.27975230E-01  0.38715698E-01  0.58127567E-01
 0.10775446E+00  0.16645959E+00  0.10044988E+00  0.29866081E+00  0.29348444E-01  0.43586630E-01  0.42957217E-01  0.40841393E-01  0.49216185E-01  0.20520927E-01
 0.50732242E-02  0.50870650E-01  0.66787168E-01  0.16969016E+00  0.56989171E-01  0.16282154E-01  0.20188522E-01  0.41122686E-01  0.43841958E-01  0.41249823E-01
 0.47909837E-01  0.42057224E-01  0.42669885E-01  0.56934800E-01  0.40419202E-01  0.52892733E-01  0.17499559E-01  0.44564055E-02  0.51170263E-01  0.67529596E-01
 0.69189742E-01  0.66477053E-01  0.77650286E-01  0.35275485E-01  0.84357075E-02  0.81609346E-01  0.11060310E+00  0.38845405E+00  0.11184859E+00  0.27701283E-01
 0.27971605E-01  0.65197237E-01  0.74075624E-01  0.67129031E-01  0.85994445E-01  0.68700776E-01  0.73677726E-01  0.86693637E-01  0.68359569E-01  0.79483457E-01
 0.34833539E-01  0.69085592E-02  0.85105352E-01  0.32432310E-01  0.39519735E-01  0.40057011E-01  0.39503846E-01  0.47806840E-01  0.20013589E-01  0.50143669E-02
 0.50148677E-01  0.65548249E-01  0.20825695E+00  0.56849167E-01  0.16564416E-01  0.15344436E-01  0.38019158E-01  0.43985974E-01  0.40024910E-01  0.49289107E-01
 0.44593807E-01  0.44260029E-01  0.58849718E-01  0.42756971E-01  0.48169024E-01  0.21699423E-01  0.41016685E-02  0.34986261E+00  0.56962967E+00  0.40584651E+00
 0.14497653E+00  0.10149429E+00  0.12462057E+00  0.11646545E+00  0.13935518E+00  0.61168265E-01  0.12533576E-01  0.14319474E+00  0.16542287E+00  0.48598772E+00
 0.18401289E+00  0.53045306E-01  0.47880352E-01  0.11602863E+00  0.20731913E+00  0.12046450E+00  0.15360087E+00  0.16740519E+00  0.11387689E+00  0.19285469E+00
 0.12248457E+00  0.15403098E+00  0.95170356E-01  0.11224401E-01  0.33866368E-01  0.49723491E-01  0.85488036E-01  0.31514797E-01  0.32015204E-01  0.18034019E+00
 0.12000000E+03 -0.27808760E+05  0.11401190E+01 -0.27637816E+05  0.11002869E+01  0.55857520E+05  0.56588772E+05  0.56207479E+05  0.31819874E+03  0.18500000E+03
 0.40554829E-08  0.10744499E+01  0.97102616E+00  0.95536463E+00  0.14829444E-01  0.12031082E-01  0.17552147E-01  0.10000000E+01  0.23731155E-01  0.14352304E-05
