 0.77562809E+00  0.68395120E+00  0.11172316E+01  0.69629788E+00  0.65586782E+00  0.54529190E+00  0.53535807E+00  0.50104296E+00 -0.27475981E-01  0.55270755E+00
-0.66604681E-01  0.63606679E+00 -0.47748372E-01  0.57469285E+00 -0.50900690E-01  0.58379591E+00 -0.30575031E-01  0.61145443E+00 -0.13805129E+00  0.18995191E+00
 0.28904873E+00 -0.20632628E+00 -0.14151450E+00  0.94747551E-01 -0.22021566E-01 -0.46358276E-01 -0.81757233E-01  0.76054097E-02 -0.97983726E-03 -0.24583289E+00
 0.10760832E+00 -0.78702964E-01 -0.74781016E-01  0.20116745E-01  0.39073132E-01  0.10607880E-01 -0.50365139E-01  0.16851504E+00  0.10886681E+00  0.24177560E+00
-0.10025368E-01  0.27862462E+00  0.15349483E+00 -0.10814975E+00  0.24665443E-01 -0.16899102E-02  0.23223829E-01 -0.23773123E-01  0.31206248E-01  0.12329993E+00
-0.85661504E-02 -0.26969591E-01 -0.20322447E-03  0.53649429E-01  0.78777531E-02 -0.13041398E+00  0.41532270E-02  0.15958268E-01 -0.18762784E-01 -0.27964182E-01
 0.38762428E-01 -0.60038220E-01  0.45086410E-01 -0.11949527E+00 -0.15132234E-01 -0.10417143E+00 -0.55408757E-01  0.12888914E+00 -0.59436422E-01  0.61086011E-02
-0.34963158E+00 -0.21789213E+00 -0.62768333E-01 -0.17442721E+00 -0.62010255E-01  0.24307430E+00 -0.24518059E-02  0.82339672E-02 -0.41835874E-01  0.98047189E-01
 0.19652134E-01 -0.12633905E+00 -0.76955520E-01 -0.77059437E-02  0.91913067E-01  0.48067194E+00 -0.93155004E-01 -0.21117587E+00  0.35699312E-01  0.64591087E-01
 0.90908773E-01  0.32418158E-01 -0.25084687E-01  0.12881881E+00 -0.11761417E-01  0.10304426E+00 -0.25341406E+00  0.43330580E+00  0.37861671E-01  0.13555991E-01
 0.95550001E-01  0.18473962E+00 -0.20934451E+00  0.49503874E-01 -0.17566608E-01  0.41793741E-01 -0.14967731E+00  0.20564647E+00  0.26218569E+00  0.73339485E-01
 0.27156331E-01 -0.18585087E+00 -0.45210177E+00  0.96564926E-02  0.26861846E+00  0.44580150E-01  0.66379189E-01 -0.12321886E+00  0.18136889E-01  0.15163733E+00
-0.13264710E+00  0.97121857E-02  0.22834368E+00 -0.61973948E-02  0.10088352E+00 -0.23619296E-01  0.20377381E+00  0.32036535E-01
 0.10854603E+00  0.13412021E+00  0.14538243E+00  0.85403420E-01  0.26162501E-01  0.23540817E-01  0.57915766E-01  0.38233373E-01  0.27430970E-01  0.33577129E-01
 0.16635552E-01  0.25012044E-01  0.17404266E-01  0.28174443E-01  0.30152692E-01  0.39121911E-01  0.28809091E-01  0.58243085E-01  0.11547941E+00  0.14439912E+00
 0.10004272E+00  0.25129429E+00  0.30953588E-01  0.48183043E-01  0.46720557E-01  0.45088567E-01  0.52252859E-01  0.21999348E-01  0.52383393E-02  0.54635976E-01
 0.68993568E-01  0.17489813E+00  0.58977254E-01  0.17368013E-01  0.21038042E-01  0.44881329E-01  0.46051927E-01  0.44184681E-01  0.51806450E-01  0.45786679E-01
 0.45181628E-01  0.59740964E-01  0.44445563E-01  0.57216838E-01  0.17754594E-01  0.47959820E-02  0.41300878E-01  0.60962293E-01  0.59986625E-01  0.54809745E-01
 0.66349365E-01  0.29479133E-01  0.68505644E-02  0.69085702E-01  0.87277964E-01  0.32145256E+00  0.82252793E-01  0.23762317E-01  0.23415234E-01  0.55910971E-01
 0.59882328E-01  0.57430748E-01  0.70591040E-01  0.59037816E-01  0.60347695E-01  0.72394460E-01  0.57675514E-01  0.68870366E-01  0.27555021E-01  0.63000992E-02
 0.14793241E+00  0.35835940E-01  0.39768934E-01  0.39369460E-01  0.39162792E-01  0.47275059E-01  0.19587193E-01  0.48675593E-02  0.58749747E-01  0.65838814E-01
 0.19705437E+00  0.56188468E-01  0.16380794E-01  0.15658898E-01  0.37117060E-01  0.43394253E-01  0.43717090E-01  0.50891146E-01  0.51873967E-01  0.43523781E-01
 0.66792145E-01  0.45509223E-01  0.49382679E-01  0.22282539E-01  0.39117583E-02  0.27118695E+00  0.61813116E+00  0.30305177E+00  0.10386731E+00  0.81015810E-01
 0.98218627E-01  0.11544178E+00  0.10921195E+00  0.44158738E-01  0.97894734E-02  0.12416910E+00  0.11701258E+00  0.32611802E+00  0.13015294E+00  0.40180910E-01
 0.35190273E-01  0.83883896E-01  0.16464609E+00  0.10157917E+00  0.11389570E+00  0.14629848E+00  0.90506099E-01  0.16279091E+00  0.10125665E+00  0.13762973E+00
 0.72790317E-01  0.92828441E-02  0.80169462E-01  0.95040478E-01  0.11302116E+00  0.39226875E-01  0.34110982E-01  0.12875171E+00
 0.12800000E+03 -0.27772981E+05  0.11652581E+01 -0.27637816E+05  0.11002869E+01  0.55801962E+05  0.56581964E+05  0.56175251E+05  0.25665036E+03  0.17700000E+03
 0.84851911E-04  0.10533021E+01  0.98267419E+00  0.97210250E+00  0.11723786E-01  0.84062517E-02  0.14766282E-01  0.10000000E+01  0.22607336E-01  0.19934444E-05
