 0.79275048E+00  0.66513366E+00  0.10800418E+01  0.72239804E+00  0.64975280E+00  0.54989570E+00  0.56775880E+00  0.49500072E+00 -0.26729813E-01  0.56101054E+00
-0.64891301E-01  0.64861935E+00 -0.47107797E-01  0.58373004E+00 -0.61713230E-01  0.61281908E+00 -0.42890575E-01  0.64294308E+00  0.14344438E-01  0.71383543E-01
 0.74563700E+00 -0.11786290E-01 -0.25139647E-01  0.74269044E+00  0.39521293E-02 -0.24844173E-01  0.10481044E+01 -0.14620713E-01  0.68893712E-02  0.11699483E+01
-0.53903516E-01  0.47101952E-01  0.15520679E+01 -0.17746961E+00  0.22150367E+00  0.24545090E+00  0.13292539E+00  0.10127801E+00  0.40363237E+00 -0.12704767E+00
 0.10987657E+00 -0.28156459E-01 -0.36292411E-01 -0.45399301E-01  0.11656798E-01  0.17402188E-02 -0.23403876E+00 -0.72127976E-02 -0.93593411E-01  0.24754986E-01
 0.29753232E-01  0.16698154E-01 -0.67518912E-01  0.17775208E+00  0.10786945E+00  0.23516147E+00 -0.25943018E-01  0.34371248E+00  0.17348845E+00 -0.13443150E+00
 0.31473711E-01 -0.59089987E-02  0.16279853E-02 -0.31657293E-01  0.33646800E-01  0.10579178E+00 -0.29653462E-01 -0.35520624E-01 -0.28059890E-02  0.38160730E-01
-0.30319470E+00  0.30418534E-01  0.15954990E-01  0.93179976E-03 -0.35961453E-01  0.78083478E-01 -0.58562975E-01  0.28402409E-01 -0.10472947E+00  0.17261459E-01
-0.12486632E+00 -0.67056812E-01  0.16161439E+00 -0.65603882E-01  0.10215963E-01 -0.46494108E+00 -0.32063854E+00 -0.25980550E+00 -0.56126807E-01 -0.19605951E+00
-0.56804113E-01  0.19709814E+00  0.16622301E-01  0.63898037E-02 -0.50661597E-01  0.15488592E+00 -0.13925126E+00 -0.63768364E-01 -0.44000135E-02  0.66204235E-01
 0.44085884E+00 -0.10433244E+00 -0.16608843E+00  0.31341169E-01  0.47521513E-01  0.11078005E+00  0.78735791E-01 -0.39845459E-01  0.12996891E+00 -0.12224638E-01
 0.67130357E+00 -0.66787922E+00  0.12949405E+01  0.66824383E+00 -0.85352337E+00  0.53063637E+00  0.35312008E-01  0.30714318E+00  0.28456810E+00 -0.27774656E+00
-0.70642158E-01 -0.34566078E-01  0.13101745E+00 -0.42818430E+00  0.62320560E+00  0.86517349E-01 -0.11238395E-01 -0.10810733E+00 -0.76364124E+00  0.12324166E+00
 0.32921532E+00 -0.70893429E-01  0.13205825E+00 -0.29102740E+00 -0.20124342E+00  0.19191970E+00 -0.27106756E+00  0.16840864E-01 -0.62150564E-01 -0.69321058E-03
-0.43309767E-01 -0.70619142E-04 -0.11944956E+00  0.57021752E-02  0.43584160E-02  0.19535530E-01  0.47425736E-01  0.48420377E-01 -0.15608105E-01 -0.63313781E-02
-0.12761638E+00 -0.38063120E-01 -0.72365195E-01  0.31917822E-01 -0.14788290E-01  0.38767096E-01  0.12170194E-01  0.52443691E-01 -0.56392266E-02  0.47355709E-02
 0.61602578E-02  0.25528762E+00  0.22331182E-01  0.18964091E-01  0.15578686E-01  0.39922766E-01 -0.77525519E-01 -0.11452564E-01  0.22377886E-01 -0.13796729E+00
 0.20440623E+00 -0.29635977E-01 -0.53389117E-01  0.11611578E+00  0.25375824E-01  0.50160460E-01 -0.57281621E-01 -0.60698695E-01  0.79121523E-01  0.33347957E-01
-0.10330576E+00 -0.55311959E-01  0.53005973E-02 -0.68608145E-02  0.21370062E+00  0.13729692E-01  0.69080740E-01 -0.24212955E-01  0.17491426E+00 -0.28510669E+00
-0.55968046E-01 -0.75069112E-02  0.23795687E+00 -0.23407436E-02 -0.53138088E-01  0.11874491E+00 -0.43430910E-01  0.33576584E+00
 0.10896366E+00  0.13631979E+00  0.17470726E+00  0.82598418E-01  0.25656192E-01  0.25162274E-01  0.59729062E-01  0.39130267E-01  0.29848529E-01  0.35589397E-01
 0.17558727E-01  0.27225254E-01  0.18916322E-01  0.30647790E-01  0.32922883E-01  0.41771524E-01  0.30699911E-01  0.64235054E-01  0.44351477E-01  0.32462619E-01
 0.76609209E-01  0.24878014E-01  0.19570051E-01  0.70565566E-01  0.37960969E-01  0.30170592E-01  0.10600258E+00  0.61245561E-01  0.46718903E-01  0.17504387E+00
 0.65822594E-01  0.53742863E-01  0.27892211E+00  0.12237295E+00  0.15482080E+00  0.11816290E+00  0.10758955E+01  0.10506181E+00  0.22724934E+00  0.33238389E-01
 0.53121284E-01  0.49177013E-01  0.47759809E-01  0.56787603E-01  0.24020454E-01  0.56500691E-02  0.55181015E-01  0.19772361E+00  0.62451798E-01  0.18370090E-01
 0.22067310E-01  0.48429728E-01  0.49785584E-01  0.47431730E-01  0.55790115E-01  0.49468085E-01  0.47515694E-01  0.63441142E-01  0.48675109E-01  0.60240105E-01
 0.18352546E-01  0.50749546E-02  0.44415988E-01  0.68014458E-01  0.63155405E-01  0.58761038E-01  0.71532287E-01  0.32663178E-01  0.74475962E-02  0.71116447E-01
 0.30706462E+00  0.88182122E-01  0.24221539E-01  0.24513740E-01  0.59667841E-01  0.66670105E-01  0.60957447E-01  0.74446484E-01  0.64584792E-01  0.62954694E-01
 0.79600364E-01  0.62352993E-01  0.74566133E-01  0.30351806E-01  0.64759050E-02  0.20671827E+00  0.16750462E+00  0.47311381E-01  0.50404683E-01  0.47303345E-01
 0.45209251E-01  0.57273824E-01  0.23381867E-01  0.58800261E-02  0.67301698E-01  0.31563482E+00  0.65329194E-01  0.18444935E-01  0.18253496E-01  0.46772618E-01
 0.52179772E-01  0.52722294E-01  0.61857302E-01  0.63711040E-01  0.50278872E-01  0.94684333E-01  0.61600108E-01  0.62332481E-01  0.24734253E-01  0.47258204E-02
 0.13098093E+01  0.29663391E+01  0.14785907E+01  0.83694452E+00  0.14922483E+01  0.83356380E+00  0.22703506E+00  0.44450507E+00  0.44310677E+00  0.29462731E+00
 0.24312653E+00  0.38369630E-01  0.39720342E+00  0.17166154E+01  0.64144313E+00  0.10042735E+00  0.10907479E+00  0.18807118E+00  0.56190288E+00  0.31458628E+00
 0.25475633E+00  0.60393220E+00  0.22469507E+00  0.73858982E+00  0.56924969E+00  0.59548301E+00  0.36596522E+00  0.40456973E-01  0.36082301E-01  0.48468772E-01
 0.42544547E-01  0.43255709E-01  0.51462896E-01  0.21833230E-01  0.53896843E-02  0.50515085E-01  0.20301653E+00  0.64680547E-01  0.16955072E-01  0.19300947E-01
 0.42158954E-01  0.45894623E-01  0.42415291E-01  0.55214755E-01  0.35813317E-01  0.66519879E-01  0.42363163E-01  0.47441803E-01  0.51732294E-01  0.24560461E-01
 0.41138381E-02  0.77256121E-01  0.96426822E-01  0.82905315E-01  0.83857104E-01  0.10495594E+00  0.47146909E-01  0.10875124E-01  0.95131747E-01  0.63841605E+00
 0.17666467E+00  0.38035855E-01  0.43741576E-01  0.81742972E-01  0.96316397E-01  0.88500261E-01  0.10772193E+00  0.82309343E-01  0.11714972E+00  0.97264893E-01
 0.97123258E-01  0.10209744E+00  0.50872564E-01  0.84772147E-02  0.75284488E-01  0.91039322E-01  0.10966709E+00  0.49949642E-01  0.43757424E-01  0.54599261E+00
 0.41385785E-01  0.53207781E-01  0.70706874E-01  0.78908026E-01  0.92940263E-01  0.59000120E-01  0.94960295E-01  0.20771495E+00
 0.19800000E+03 -0.37703205E+05  0.14210521E+01 -0.37502954E+05  0.12313087E+01  0.75802411E+05  0.76984549E+05  0.76355431E+05  0.36472770E+03  0.28200000E+03
 0.64358539E-03  0.10980846E+01  0.98042371E+00  0.96876124E+00  0.10068196E-01  0.67830655E-02  0.12910524E-01  0.10000000E+01  0.24524652E-01  0.40707616E-07
