 0.82148225E+00  0.73701676E+00  0.10966265E+01  0.65179934E+00  0.65157037E+00  0.53096624E+00  0.59225252E+00  0.47488249E+00 -0.33887641E-01  0.56669159E+00
-0.71176963E-01  0.62132099E+00 -0.29255587E-01  0.56879774E+00 -0.64945819E-01  0.61415818E+00 -0.57937204E-01  0.69908582E+00  0.23639243E-01  0.68987191E-01
 0.76114955E+00 -0.12740292E-01 -0.66828624E-02  0.76265602E+00 -0.29593036E-01  0.32775854E-02  0.94580254E+00 -0.36637032E-01 -0.80945750E-02  0.95810160E+00
 0.21192875E-01  0.73792101E-02  0.12955522E+01 -0.15695754E+00  0.66021823E-01  0.31224375E+00 -0.51865903E+00  0.16860183E+00  0.22335368E+00 -0.13841618E+00
 0.12656570E+00  0.26704749E-01 -0.78301288E-01 -0.87890645E-01 -0.12063437E-03  0.37757000E-02 -0.72972429E-01 -0.11039576E+00  0.32684958E-01  0.76469003E-02
 0.45328228E-01 -0.64784053E-01  0.15611056E+00  0.75059288E-01  0.26814008E+00 -0.52829307E-02  0.25670968E+00  0.12487043E+00 -0.10607171E+00  0.23163382E-01
-0.25367140E-02  0.47281237E-01 -0.33457360E-01  0.16775259E-01  0.15542477E+00  0.40307649E-01 -0.20351067E-01 -0.29212442E-02 -0.21716613E+00  0.13930339E-01
 0.93162438E-02  0.32033719E-01 -0.50954159E-01  0.11472858E+00 -0.32010975E-01  0.81625405E-01 -0.16885734E+00  0.63261436E-02 -0.85179086E-01 -0.30358012E-01
 0.17787893E+00 -0.48889617E-01  0.39294543E-02 -0.41076860E+00 -0.27802071E+00 -0.26752078E+00 -0.35041374E-01 -0.17266379E+00 -0.96429433E-01  0.14844858E+00
 0.42162000E-03  0.77841360E-02  0.20170519E-01 -0.84090292E-01 -0.52197035E-01 -0.99859853E-02  0.48072272E-01  0.42191679E+00 -0.17028882E+00 -0.19742302E+00
 0.77693896E-02  0.63079527E-01  0.97957471E-01  0.27241841E-01  0.22280214E-01  0.11645621E+00 -0.10629337E-01  0.15378085E+00  0.15315945E+01  0.10708708E+01
 0.32750911E+00  0.81973372E-01 -0.45365235E+00  0.15719033E+00  0.14422833E+00  0.15905862E+00  0.37039232E-01 -0.29861296E+00  0.94529051E-01 -0.14871323E-01
 0.59104318E+00  0.17857725E+00  0.88026940E-01 -0.34660026E-01 -0.17936739E+00 -0.92037768E+00  0.30794493E+00  0.17486078E+00  0.46985765E+00 -0.44213828E-01
 0.22049634E-01  0.85957141E-01 -0.31633172E+00 -0.55183492E-01  0.11506196E-01 -0.37984607E-01  0.33070661E-01 -0.10865552E-01  0.29560972E-01 -0.15425360E+00
-0.69384797E-02  0.46365718E-02  0.23915525E+00  0.51665033E-01 -0.68748956E-02 -0.56529640E-02 -0.23356197E+00 -0.10021677E-01 -0.90208824E-01 -0.13247639E-02
-0.38240520E-01 -0.48579708E-01  0.31723403E-01  0.30302963E-01  0.19541569E-01  0.13302740E-01  0.81181673E-02  0.17496241E+00 -0.17650939E-01 -0.57268597E-01
 0.45785667E-01  0.16531602E+00 -0.80079555E-01  0.15573457E-02  0.25075248E+00  0.15027567E+00 -0.44106878E-01  0.18287999E-01  0.18631647E+00 -0.44244385E-02
 0.11059133E+00  0.34849704E-01 -0.10431580E+00  0.10399066E+00 -0.77690081E-01 -0.10122929E+00  0.26898574E-01 -0.32236954E-01 -0.13436550E-01  0.21397375E+00
 0.73540553E-02  0.29662922E-01 -0.24485929E-01  0.16900974E+00 -0.17619780E+00 -0.78233921E-01  0.45549844E-01  0.21101460E+00  0.18966749E-01 -0.97915536E-01
 0.63053625E-01 -0.15422830E+00  0.63872841E+00
 0.17946659E+00  0.17682787E+00  0.20261251E+00  0.52651743E-01  0.27255999E-01  0.26270502E-01  0.52661094E-01  0.38993769E-01  0.27069100E-01  0.38793186E-01
 0.21026849E-01  0.29567850E-01  0.20395306E-01  0.33346427E-01  0.37531082E-01  0.47103383E-01  0.32682277E-01  0.75512626E-01  0.54519565E-01  0.39669853E-01
 0.12867890E+00  0.26118442E-01  0.21070825E-01  0.76534531E-01  0.36497338E-01  0.24011232E-01  0.10891754E+00  0.49208644E-01  0.45921436E-01  0.17574163E+00
 0.53358431E-01  0.67778412E-01  0.28005256E+00  0.13752403E+00  0.17839513E+00  0.13562402E+00  0.41700194E+00  0.11952735E+00  0.25271584E+00  0.54129283E-01
 0.56451136E-01  0.68179054E-01  0.57230076E-01  0.59098354E-01  0.23842452E-01  0.58560931E-02  0.20007113E+00  0.67091400E-01  0.19461515E-01  0.24344987E-01
 0.55024216E-01  0.57157700E-01  0.57651029E-01  0.57908895E-01  0.53385428E-01  0.56978456E-01  0.68742516E-01  0.53950768E-01  0.76389632E-01  0.22537607E-01
 0.57387024E-02  0.89671070E-01  0.69112336E-01  0.10224378E+00  0.63232727E-01  0.70405634E-01  0.32051000E-01  0.78881182E-02  0.38373275E+00  0.92119652E-01
 0.25910045E-01  0.26491834E-01  0.67948454E-01  0.82250585E-01  0.75597585E-01  0.84082624E-01  0.65203884E-01  0.75420892E-01  0.81462316E-01  0.68075784E-01
 0.94596740E-01  0.36127180E-01  0.70646406E-02  0.19050114E+00  0.16615242E+00  0.45903570E-01  0.52684102E-01  0.54330155E-01  0.51612940E-01  0.65820953E-01
 0.22683029E-01  0.59325584E-02  0.22461024E+00  0.69024318E-01  0.19987223E-01  0.18858324E-01  0.63834569E-01  0.53994792E-01  0.60340804E-01  0.64508853E-01
 0.71670204E-01  0.53743132E-01  0.82527513E-01  0.54999499E-01  0.58414934E-01  0.25062187E-01  0.51142769E-02  0.35985711E+00  0.19333238E+00  0.81655219E+00
 0.12180671E+01  0.46657803E+00  0.21354788E+01  0.23137555E+00  0.15974437E+00  0.18440557E+00  0.16203038E+00  0.18498749E+00  0.81529557E-01  0.19440058E-01
 0.67763533E+00  0.22890683E+00  0.63250907E-01  0.61316590E-01  0.20287316E+00  0.41851973E+00  0.25511688E+00  0.23522693E+00  0.15718652E+00  0.18813132E+00
 0.22728671E+00  0.18063257E+00  0.18147841E+00  0.14079846E+00  0.13644740E-01  0.41749120E-01  0.49589088E-01  0.50709852E-01  0.47116918E-01  0.57272626E-01
 0.23546581E-01  0.69323064E-02  0.23920599E+00  0.72522000E-01  0.19656466E-01  0.19368757E-01  0.52214830E-01  0.55793764E-01  0.46368320E-01  0.68025136E-01
 0.40158433E-01  0.68886852E-01  0.49162996E-01  0.53181699E-01  0.64875727E-01  0.24978659E-01  0.45328764E-02  0.87037105E-01  0.10782156E+00  0.97602624E-01
 0.94507080E-01  0.12019579E+00  0.51496700E-01  0.14758333E-01  0.48238137E+00  0.20272745E+00  0.41961419E-01  0.52098397E-01  0.97976491E-01  0.11208050E+00
 0.97714514E-01  0.13270870E+00  0.92374844E-01  0.13312402E+00  0.11135544E+00  0.10765788E+00  0.13068196E+00  0.54884397E-01  0.88811476E-02  0.49863696E-01
 0.48331184E-01  0.38204968E-01  0.60796965E-01  0.50154178E-01  0.24914790E+00  0.51839852E-01  0.62369295E-01  0.11071436E+00  0.97300259E-01  0.10969691E+00
 0.43271301E-01  0.16504607E+00  0.33083267E+00
 0.19300000E+03 -0.30077758E+05  0.14055650E+01  0.60541516E+05  0.61652709E+05  0.61039509E+05 -0.14135034E-07
