 0.81947273E+00  0.71004689E+00  0.98528618E+00  0.64991444E+00  0.52913415E+00  0.61483353E+00  0.48872426E+00 -0.72306670E-01  0.62229961E+00 -0.30699890E-01
 0.57187241E+00 -0.65795980E-01  0.61069453E+00 -0.58576521E-01  0.69841361E+00  0.65647826E-01 -0.14711216E+00  0.16923542E+00 -0.29768401E+00  0.79330884E-01
 0.29451773E-01 -0.31436209E-01  0.40116175E-02  0.15874217E+00  0.28750539E-01 -0.20944264E-01 -0.37635069E-02 -0.19588257E+00  0.24544852E-01  0.12201108E-01
 0.34542587E-01 -0.41034404E-01  0.10346829E+00 -0.42218328E-01  0.85083015E-01 -0.17183033E+00  0.22042841E-01 -0.82301416E-01 -0.32622948E-01  0.19977874E+00
-0.57619367E-01  0.49253232E-02 -0.10368602E+00 -0.12852038E+00  0.12577976E+00  0.34926124E-01 -0.75128645E-01 -0.87189056E-01 -0.14313002E-02  0.48489566E-02
-0.82469739E-01 -0.11481365E+00  0.31125652E-01  0.67839250E-02  0.25986057E-01 -0.56702986E-01  0.15688154E+00  0.72437517E-01  0.26472235E+00 -0.12600208E-01
 0.25265110E+00  0.12554748E+00 -0.11327837E+00  0.27382722E-01 -0.26888680E-02 -0.10552276E+01 -0.11995681E+00 -0.33516693E+00  0.35913445E-01 -0.14208139E+00
-0.15368992E+00  0.13990790E+00  0.86473674E-03  0.10000284E-01 -0.11271185E+00 -0.17530914E+00 -0.30792244E-01 -0.39776568E-02  0.12813650E+00  0.39134800E+00
-0.41232213E-01 -0.15181698E+00  0.18828554E+00  0.69792069E-01  0.24859074E+00  0.98320417E-01 -0.57991117E-01  0.13133682E+00 -0.14811384E-01  0.48515439E-01
 0.19588302E+00  0.81346464E+00  0.64598314E-01  0.18821529E+00  0.75355388E-01  0.12570892E+00  0.26492357E+00 -0.20113771E+00  0.58566313E-01 -0.17424369E-01
 0.36165956E+00  0.22562702E+00  0.80025330E-01  0.75198640E-02 -0.27436784E+00 -0.63568759E+00  0.18640725E+00  0.24057026E+00  0.17078625E+00 -0.28014963E-01
-0.11121115E+00  0.31167969E-01 -0.30777497E-01 -0.99301659E-01  0.15117141E-01  0.49491014E-01  0.51678263E-01 -0.18020280E+00  0.18517338E+00  0.63046508E-01
 0.15680242E+00  0.13217416E+00 -0.12268712E+00  0.79550421E+00 -0.29872367E-01  0.56676841E+00
 0.15840602E+00  0.13840929E+00  0.30561781E+00  0.27332313E-01  0.27245123E-01  0.56151755E-01  0.52768167E-01  0.19129483E-01  0.29166969E-01  0.19548954E-01
 0.32922134E-01  0.37031937E-01  0.46489127E-01  0.35324503E-01  0.75572930E-01  0.16317222E+00  0.12858734E+00  0.60606432E+00  0.29836822E+00  0.18519314E+00
 0.50983250E-01  0.78362457E-01  0.65985918E-01  0.63173950E-01  0.76682724E-01  0.35580907E-01  0.82549471E-02  0.38194168E+00  0.95366135E-01  0.25077386E-01
 0.27853623E-01  0.66480771E-01  0.74349053E-01  0.65466829E-01  0.81558421E-01  0.65857314E-01  0.71029857E-01  0.85146755E-01  0.68128645E-01  0.84173858E-01
 0.37680116E-01  0.65500755E-02  0.15896218E+00  0.37064772E-01  0.60665093E-01  0.50337676E-01  0.53310852E-01  0.60113214E-01  0.24536775E-01  0.58473460E-02
 0.18538517E+00  0.68494610E-01  0.19192405E-01  0.24509711E-01  0.52311122E-01  0.54243751E-01  0.51129922E-01  0.57944331E-01  0.50185554E-01  0.52249689E-01
 0.69458216E-01  0.52237354E-01  0.66667423E-01  0.21897841E-01  0.54670968E-02  0.39257784E+01  0.48031309E+00  0.51324213E+00  0.52376819E+00  0.15306418E+00
 0.31301230E+00  0.34185588E+00  0.30411215E-01  0.20947661E-01  0.40245667E+00  0.47651637E+00  0.12103906E+00  0.37610509E-01  0.13193892E+00  0.22318918E+00
 0.62777424E+00  0.28283682E+00  0.10341879E+01  0.90382688E-01  0.99099636E+00  0.51110989E+00  0.47532183E+00  0.10441288E+00  0.12103438E-01  0.50724536E+00
 0.25925794E+00  0.48820341E+00  0.10336699E+00  0.14528874E+00  0.10653260E+00  0.12884212E+00  0.13201764E+00  0.15433531E+00  0.50367039E-01  0.13087614E-01
 0.44135216E+00  0.16370921E+00  0.48078634E-01  0.41640505E-01  0.11047211E+00  0.24979618E+00  0.12865588E+00  0.15990910E+00  0.15033592E+00  0.12028046E+00
 0.15724699E+00  0.10986172E+00  0.16229813E+00  0.73570296E-01  0.10615304E-01  0.15873256E+00  0.40758591E-01  0.37429911E+00  0.29014808E+00  0.23663673E+00
 0.10322293E+01  0.26563320E+00  0.20106609E+00  0.24489048E+00  0.34923673E-01  0.37566096E-01
 0.12600000E+03 -0.19376120E+05  0.11691494E+01 -0.19255046E+05  0.10901108E+01  0.39004241E+05  0.39729683E+05  0.39329356E+05  0.23482536E+03  0.16900000E+03
 0.60977145E-03  0.10311825E+01  0.97832767E+00  0.96473437E+00  0.12904410E-01  0.86341745E-02  0.16698836E-01  0.10000000E+01  0.27483629E-01  0.95564757E-07
