 0.69952667E+00  0.67916024E+00  0.53500468E+00  0.55299884E+00  0.46842176E+00  0.55550927E+00  0.63242072E+00  0.57448739E+00  0.58055401E+00  0.61507010E+00
-0.16144550E+00  0.32334194E+00  0.22377004E+00  0.37637204E-01 -0.14292893E+00  0.94036199E-01 -0.75243269E-02 -0.13581584E-01 -0.89871503E-01  0.12679464E-01
-0.21833749E-02 -0.23114173E+00  0.10220267E+00 -0.11767422E+00 -0.90775982E-01  0.24314359E-01  0.45621116E-01  0.19481417E-01 -0.43649625E-01  0.17379685E+00
 0.10440702E+00  0.23385179E+00 -0.94140479E-02  0.26519123E+00  0.14780396E+00 -0.88835366E-01  0.19003633E-01 -0.61433739E-03  0.36800634E-01 -0.35565671E-01
 0.82207713E-02  0.88241063E-01  0.67615956E-02 -0.50256878E-01  0.37289208E-02  0.39305553E-01  0.24044339E-01 -0.68492599E-01  0.53057928E-01  0.86016431E-02
-0.39304018E-01 -0.51936146E-01  0.28953843E-01 -0.99437453E-01  0.75683318E-01 -0.14408383E+00 -0.18274162E-01 -0.11341796E+00 -0.62374365E-01  0.12671401E+00
-0.67253716E-01  0.41542472E-02 -0.46559092E+00 -0.23737237E+00 -0.52778438E-01 -0.16466759E+00 -0.51849060E-01  0.22940864E+00 -0.88329753E-03  0.75670555E-02
-0.65933481E-01  0.10959960E+00  0.69382470E-02 -0.14163162E+00 -0.53884190E-01 -0.69444248E-03  0.99119715E-01  0.48235086E+00 -0.74289538E-01 -0.19999565E+00
 0.59278369E-01  0.64748324E-01  0.11766565E+00  0.47608953E-01 -0.24637569E-01  0.12933166E+00 -0.12385643E-01  0.34602922E+00 -0.79632348E+00  0.60240024E+00
 0.12688231E+00 -0.12011919E-01  0.11837561E+00  0.22927426E+00 -0.22664139E+00  0.15951375E-01 -0.15143968E-01  0.10902418E+00 -0.17013967E+00  0.22226305E+00
 0.33722770E+00  0.58848474E-01 -0.43417332E-02 -0.23651166E+00 -0.51921356E+00 -0.65101460E-01  0.32952094E+00 -0.83522186E-01  0.48303217E-01 -0.24891719E+00
-0.47807772E-01  0.23301591E+00 -0.19645071E+00  0.13195204E-01  0.23135686E+00 -0.96488735E-02  0.16165850E+00  0.15999881E-02  0.18272951E+00 -0.84953897E-01
 0.45073841E-01  0.21311963E-01  0.22081302E-01  0.35496503E-01  0.38503177E-01  0.33794466E-01  0.24808170E-01  0.27966289E-01  0.38711656E-01  0.58187898E-01
 0.10801068E+00  0.16707213E+00  0.10100302E+00  0.29932660E+00  0.29371955E-01  0.43586388E-01  0.43030176E-01  0.40841039E-01  0.49207218E-01  0.20493697E-01
 0.50563198E-02  0.50858758E-01  0.66782683E-01  0.16926743E+00  0.57049248E-01  0.16503844E-01  0.20260861E-01  0.41182943E-01  0.43767720E-01  0.41253392E-01
 0.47762793E-01  0.42075165E-01  0.42652484E-01  0.56988176E-01  0.40443428E-01  0.52815057E-01  0.17469330E-01  0.44579124E-02  0.51140748E-01  0.67579575E-01
 0.69380932E-01  0.66521779E-01  0.77708215E-01  0.35257179E-01  0.84163295E-02  0.81710771E-01  0.11061672E+00  0.38868052E+00  0.11184479E+00  0.27533552E-01
 0.27810348E-01  0.65263219E-01  0.74100547E-01  0.67099191E-01  0.85802555E-01  0.68747044E-01  0.73667623E-01  0.86816922E-01  0.68456277E-01  0.79335272E-01
 0.34866769E-01  0.69152159E-02  0.85245721E-01  0.32544050E-01  0.39354645E-01  0.40207434E-01  0.39518021E-01  0.47979269E-01  0.20122932E-01  0.50573512E-02
 0.50357547E-01  0.65681763E-01  0.20406833E+00  0.57064116E-01  0.16216191E-01  0.15459087E-01  0.38126707E-01  0.44127744E-01  0.40057410E-01  0.49453221E-01
 0.44690363E-01  0.44379793E-01  0.58886640E-01  0.42803191E-01  0.48299663E-01  0.22016387E-01  0.41110176E-02  0.34505215E+00  0.56089967E+00  0.39918455E+00
 0.14464794E+00  0.10000324E+00  0.12328724E+00  0.11528332E+00  0.13748416E+00  0.60823139E-01  0.12455209E-01  0.14274433E+00  0.16408515E+00  0.47539717E+00
 0.18187337E+00  0.46902087E-01  0.48318248E-01  0.11669518E+00  0.20564431E+00  0.11888764E+00  0.15061708E+00  0.16579489E+00  0.11329737E+00  0.19083974E+00
 0.12132355E+00  0.15202525E+00  0.94158210E-01  0.11461602E-01  0.33887774E-01  0.49762350E-01  0.85595503E-01  0.31619020E-01  0.32134701E-01  0.17799313E+00
 0.12000000E+03 -0.27815488E+05  0.11400762E+01 -0.27644954E+05  0.10997274E+01  0.55870976E+05  0.56602228E+05  0.56220935E+05  0.31769886E+03  0.18500000E+03
 0.45183890E-08  0.10735551E+01  0.97106926E+00  0.95543102E+00  0.14801591E-01  0.12000537E-01  0.17526065E-01  0.10000000E+01  0.23778392E-01  0.14642017E-05
