 0.77419460E+00  0.65013933E+00  0.10576353E+01  0.65013057E+00  0.54387814E+00  0.54649097E+00  0.49720588E+00 -0.62986761E-01  0.63515717E+00 -0.49505666E-01
 0.57716477E+00 -0.50479989E-01  0.58824503E+00 -0.31077519E-01  0.60824221E+00  0.22780056E+00 -0.13833949E+00  0.27044487E+00 -0.22556177E+00 -0.56458563E-01
 0.13189611E-01 -0.13774559E-01  0.34709360E-01  0.12084973E+00 -0.18972170E-01 -0.20059202E-01 -0.34681000E-02  0.63391708E-01  0.42164261E-02 -0.26427618E+00
 0.95828613E-02  0.11751028E-01 -0.23319323E-01 -0.19750148E-01  0.48604593E-01 -0.62582344E-01  0.22352049E-01 -0.12434878E+00 -0.45335977E-02 -0.12539101E+00
-0.62929459E-01  0.13392791E+00 -0.56633603E-01  0.67929816E-02 -0.36172934E-01 -0.13533695E+00  0.95730424E-01 -0.34488771E-01 -0.38115263E-01 -0.65075159E-01
 0.67630182E-02  0.49379084E-03 -0.24626642E+00  0.11541381E+00  0.49841017E-02 -0.74104451E-01  0.13646011E-01  0.39186742E-01 -0.11478030E-02 -0.48829824E-01
 0.17668188E+00  0.11059593E+00  0.24535118E+00 -0.41072606E-02  0.29191881E+00  0.15479256E+00 -0.11764126E+00  0.18599575E-01 -0.35527453E-03 -0.36787945E+00
-0.30398881E-01 -0.21564679E+00 -0.66968508E-01 -0.17575470E+00 -0.57799917E-01  0.24504511E+00  0.86603556E-02  0.62012514E-02 -0.36917690E-01  0.10212205E+00
 0.14144929E+00 -0.13543299E+00 -0.87765627E-01 -0.23237388E-02  0.94745606E-01  0.47630805E+00 -0.93965508E-01 -0.19157477E+00  0.37893757E-01  0.54717813E-01
 0.91250226E-01  0.41778527E-01 -0.27036088E-01  0.13329871E+00 -0.11561600E-01 -0.25239342E+00  0.14711398E+00  0.49169928E+00  0.84304616E-01  0.38717642E-01
 0.17499886E-01  0.98059818E-01  0.16615096E+00 -0.23430605E+00  0.34734976E-01 -0.16389441E-01  0.32802016E-01 -0.15307811E+00 -0.43651421E-01  0.33085772E+00
 0.10222342E+00  0.21781204E-01 -0.18666661E+00 -0.47622088E+00  0.22228051E-01  0.29342344E+00  0.15107689E-01  0.77249132E-01 -0.11609201E+00  0.66023413E-02
 0.14886698E+00 -0.14637436E+00  0.90076849E-02  0.11944221E-03  0.45564994E-01  0.82602829E-01  0.10370803E-01  0.21505482E+00 -0.21114662E-01  0.20103066E+00
-0.13087501E-02  0.71494907E+00 -0.25477758E-01  0.55100906E+00
 0.13941890E+00  0.13049223E+00  0.22686529E+00  0.28252767E-01  0.23636429E-01  0.74204952E-01  0.39774470E-01  0.17350722E-01  0.25559045E-01  0.17617205E-01
 0.28694117E-01  0.30718494E-01  0.39132953E-01  0.29792987E-01  0.59668414E-01  0.15047196E+00  0.11706533E+00  0.10320055E+00  0.32479581E+00  0.19417912E+00
 0.43005884E-01  0.63547269E-01  0.63389689E-01  0.57493046E-01  0.76520577E-01  0.31296484E-01  0.71997098E-02  0.71311541E-01  0.92791498E-01  0.34189060E+00
 0.88755928E-01  0.26120311E-01  0.24510037E-01  0.57676066E-01  0.65287493E-01  0.60539253E-01  0.79341613E-01  0.64126052E-01  0.66746466E-01  0.74976861E-01
 0.61085448E-01  0.74478090E-01  0.29139435E-01  0.66322051E-02  0.15090866E+00  0.31647786E-01  0.48837330E-01  0.48058342E-01  0.45610771E-01  0.56197502E-01
 0.23509439E-01  0.55711991E-02  0.55166375E-01  0.70951104E-01  0.20377971E+00  0.62272880E-01  0.18527893E-01  0.21545971E-01  0.45445688E-01  0.48149865E-01
 0.45373324E-01  0.55510521E-01  0.47776632E-01  0.47761414E-01  0.60188167E-01  0.45725897E-01  0.58585212E-01  0.18203836E-01  0.48762783E-02  0.17657937E+00
 0.47212988E-01  0.38276218E-01  0.41906524E-01  0.40937833E-01  0.39911196E-01  0.48192531E-01  0.20738378E-01  0.51162657E-02  0.65572508E-01  0.68637416E-01
 0.26090887E+00  0.59028115E-01  0.16800448E-01  0.16234599E-01  0.38059812E-01  0.44405553E-01  0.48287999E-01  0.54451697E-01  0.56766469E-01  0.44870153E-01
 0.74679606E-01  0.49039643E-01  0.53646434E-01  0.22671521E-01  0.39905095E-02  0.90779555E+00  0.35346475E+00  0.31564265E+00  0.93094923E-01  0.10984302E+00
 0.87314256E-01  0.10887207E+00  0.14433800E+00  0.11354927E+00  0.47454495E-01  0.10741355E-01  0.16609016E+00  0.12561108E+00  0.48163143E+00  0.13366589E+00
 0.44853229E-01  0.44446953E-01  0.86467154E-01  0.17655751E+00  0.13224691E+00  0.11594295E+00  0.20181815E+00  0.92587858E-01  0.23085715E+00  0.13076572E+00
 0.18729447E+00  0.85636556E-01  0.10557625E-01  0.15766084E+00  0.48540007E-01  0.16193579E+00  0.12415177E+00  0.97118638E-01  0.49346510E-01  0.35120547E-01
 0.13628159E+00  0.10463432E+00  0.28632017E-01  0.33941876E-01
 0.13400000E+03 -0.26927866E+05  0.12192095E+01 -0.26782163E+05  0.11171313E+01  0.54123732E+05  0.54935506E+05  0.54509731E+05  0.27977948E+03  0.18100000E+03
 0.33886102E-05  0.10415596E+01  0.97778667E+00  0.96379595E+00  0.13143749E-01  0.10023968E-01  0.16091674E-01  0.10000000E+01  0.22871673E-01  0.91324494E-06
