 0.76844572E+00  0.64033668E+00  0.11343979E+01  0.65509753E+00  0.55015329E+00  0.52191383E+00  0.49685763E+00 -0.68483976E-01  0.63585692E+00 -0.50813514E-01
 0.57584153E+00 -0.45421726E-01  0.57918547E+00 -0.28203781E-01  0.61102668E+00  0.21859887E+00 -0.15290436E+00  0.22587667E+00 -0.71287152E-01  0.62702772E-02
 0.30991649E-01 -0.15281411E-01  0.36819816E-01  0.12610538E+00 -0.68854823E-02 -0.34964782E-01  0.12284909E-02  0.57044737E-01  0.10534206E-01 -0.11417503E+00
-0.16043418E-01  0.68941432E-02 -0.13795132E-01 -0.34246340E-01  0.41284745E-01 -0.82050636E-01  0.62889655E-01 -0.85943717E-01 -0.59330385E-01 -0.79272674E-01
-0.43387394E-01  0.98916271E-01 -0.63792094E-01  0.87799755E-02 -0.11983009E+00 -0.14399686E+00  0.82401784E-01 -0.30332594E-01 -0.44543720E-01 -0.69513360E-01
 0.14980574E-01 -0.15120996E-02 -0.25263894E+00  0.86776043E-01 -0.94972385E-01 -0.50834210E-01  0.19586132E-01  0.37289761E-01  0.17453880E-01 -0.23594105E-01
 0.18768772E+00  0.76056067E-01  0.19990236E+00  0.55821875E-01  0.24133388E+00  0.15002244E+00 -0.81830100E-01  0.25228644E-01 -0.30050209E-02 -0.43204158E+00
-0.24545237E-01 -0.23132741E+00 -0.58096693E-01 -0.16884259E+00 -0.67231416E-01  0.22930566E+00 -0.72555511E-03  0.72721329E-02 -0.62682013E-01  0.10974068E+00
 0.11748150E-01 -0.12674668E+00 -0.49011516E-01 -0.11463520E-01  0.92632809E-01  0.47724394E+00 -0.76139949E-01 -0.20598361E+00  0.47085680E-01  0.71500112E-01
 0.11112031E+00  0.43460821E-01 -0.24913483E-01  0.12964918E+00 -0.12238286E-01 -0.53274374E+00  0.28796924E+00  0.49864460E+00 -0.26275211E+00  0.14073024E+00
 0.83566154E-01  0.37474446E-02  0.11704043E+00  0.23739182E+00 -0.19795811E+00  0.31577447E-01 -0.14536568E-01  0.87368524E-01 -0.17496194E+00  0.17328397E+00
 0.26137941E+00  0.44365023E-01  0.28703834E-01 -0.19402012E+00 -0.46034937E+00 -0.38916761E-01  0.28845311E+00 -0.69391488E-02  0.29034404E-01 -0.18782364E+00
-0.15069481E-01  0.18501744E+00 -0.16670209E+00  0.11859040E-01 -0.12235443E+00  0.68005953E-01  0.90892225E-01  0.23562187E-01  0.17717644E+00 -0.33857044E-02
 0.19635494E+00 -0.38147688E-02  0.69338233E+00 -0.10929422E-01  0.55140212E+00
 0.98105212E-01  0.10706318E+00  0.13733978E+00  0.25462581E-01  0.24325983E-01  0.56437497E-01  0.37616985E-01  0.16371194E-01  0.24918134E-01  0.17729655E-01
 0.28505288E-01  0.29334198E-01  0.38526333E-01  0.27687253E-01  0.57589333E-01  0.13886835E+00  0.10731910E+00  0.10567388E+00  0.34336639E+00  0.40458869E-01
 0.40175008E-01  0.56987318E-01  0.57588321E-01  0.52956411E-01  0.65755007E-01  0.28212529E-01  0.64282296E-02  0.65826217E-01  0.84502323E-01  0.31066947E+00
 0.79260184E-01  0.22242009E-01  0.23470976E-01  0.53977823E-01  0.60913465E-01  0.58631029E-01  0.69044861E-01  0.60212551E-01  0.58566652E-01  0.71938655E-01
 0.56721578E-01  0.70236281E-01  0.28341115E-01  0.61113405E-02  0.32203910E-01  0.29751304E-01  0.44775726E-01  0.44079655E-01  0.42159621E-01  0.49405353E-01
 0.20099919E-01  0.46319250E-02  0.51067890E-01  0.65318434E-01  0.17867335E+00  0.54031898E-01  0.16479015E-01  0.20340640E-01  0.41964668E-01  0.44140087E-01
 0.42894225E-01  0.49357586E-01  0.44374555E-01  0.42515193E-01  0.57676412E-01  0.41823063E-01  0.54776631E-01  0.16842594E-01  0.45191556E-02  0.18852403E+00
 0.54456267E-01  0.40295233E-01  0.41461508E-01  0.40718400E-01  0.40697091E-01  0.48910495E-01  0.20426635E-01  0.50048899E-02  0.66599357E-01  0.67427867E-01
 0.20380981E+00  0.57339912E-01  0.16831276E-01  0.16243513E-01  0.38100305E-01  0.44244543E-01  0.52578396E-01  0.51449139E-01  0.52295806E-01  0.44449916E-01
 0.69870047E-01  0.48343740E-01  0.50057866E-01  0.22796901E-01  0.40526798E-02  0.98952997E+00  0.58054062E+00  0.35397675E+00  0.16850699E+00  0.15379868E+00
 0.17064786E+00  0.95056878E-01  0.12949321E+00  0.17960352E+00  0.11779148E+00  0.63065718E-01  0.10607503E-01  0.21018956E+00  0.14302585E+00  0.38766351E+00
 0.14156597E+00  0.39778804E-01  0.42737524E-01  0.10553646E+00  0.17505304E+00  0.18099081E+00  0.13402219E+00  0.19737752E+00  0.13563655E+00  0.23984812E+00
 0.14552201E+00  0.16775704E+00  0.11394188E+00  0.15266654E-01  0.34853842E-01  0.44245748E-01  0.87912249E-01  0.67204940E-01  0.55404473E-01  0.46934004E-01
 0.34601795E-01  0.15422526E+00  0.63275276E-01  0.23059996E-01  0.33716633E-01
 0.13500000E+03 -0.27658020E+05  0.11782284E+01  0.55586041E+05  0.56408699E+05  0.55979745E+05  0.13469038E-06
