 0.75648379E+00  0.65213090E+00  0.10587070E+01  0.70895123E+00  0.65085685E+00  0.54414409E+00  0.54292351E+00  0.49344811E+00 -0.24257328E-01  0.55083388E+00
-0.62888004E-01  0.63446242E+00 -0.49677655E-01  0.57687807E+00 -0.50843220E-01  0.58951741E+00 -0.29712796E-01  0.60810840E+00  0.23383465E-01  0.12640730E-01
 0.69615144E+00 -0.15905332E-01 -0.30376250E-01  0.89096850E+00 -0.20194261E-02 -0.27480774E-01  0.10408857E+01  0.56814965E-01 -0.22811742E-01  0.12088436E+01
-0.16166629E+00  0.35624757E-01  0.15779580E+01 -0.15857843E+00  0.22008204E+00  0.20709498E+00 -0.11930311E+00  0.17708324E+00 -0.20672354E+00 -0.13323109E+00
 0.93710728E-01 -0.33528950E-01 -0.39559826E-01 -0.66301994E-01  0.56853411E-02  0.89556887E-03 -0.24534020E+00  0.11446059E+00 -0.96635865E-02 -0.73278643E-01
 0.21499565E-01  0.37604842E-01 -0.37859445E-02 -0.44148158E-01  0.17715268E+00  0.10914373E+00  0.24745537E+00 -0.53758216E-02  0.29119334E+00  0.15457977E+00
-0.11675072E+00  0.18248789E-01  0.73405949E-03  0.17983632E-01 -0.20717399E-01  0.42174350E-01  0.11835458E+00 -0.20657467E-01 -0.21654606E-01 -0.34084388E-02
 0.56530155E-01  0.60739205E-02 -0.29693073E+00  0.12948829E-01  0.13372311E-01 -0.21758195E-01 -0.17650772E-01  0.45487043E-01 -0.59906334E-01  0.29559255E-01
-0.12197309E+00 -0.75598699E-02 -0.12809522E+00 -0.70149094E-01  0.14085120E+00 -0.56846637E-01  0.63229036E-02 -0.36783364E+00 -0.20675875E-01 -0.21655449E+00
-0.68120949E-01 -0.17188795E+00 -0.54940291E-01  0.24108566E+00  0.78683328E-02  0.60746679E-02 -0.37600908E-01  0.10283899E+00  0.15434055E+00 -0.13839485E+00
-0.55176146E-01 -0.88049555E-02  0.88675462E-01  0.48106867E+00 -0.98457262E-01 -0.19962694E+00  0.39276086E-01  0.57820752E-01  0.89732766E-01  0.41134641E-01
-0.24021611E-01  0.13310622E+00 -0.98069590E-02  0.16070588E+00 -0.23535994E+00  0.45962781E+00  0.96369401E-01 -0.41795000E-01  0.41578121E-01  0.12686003E-01
 0.96279390E-01  0.15674421E+00 -0.21500285E+00  0.33069704E-01 -0.15148201E-01  0.46383239E-01 -0.15813616E+00 -0.90596028E-01  0.33665952E+00  0.36734071E-01
 0.35097700E-01 -0.17512971E+00 -0.46465170E+00  0.21954795E-01  0.30392274E+00  0.16856680E-01  0.79017833E-01 -0.10930718E+00  0.13110305E-01  0.15812768E+00
-0.14492109E+00  0.65322421E-02 -0.60863953E-01  0.24753354E-01 -0.89441903E-01  0.28133504E-01 -0.27320111E-01  0.15532807E-01 -0.44666226E-02  0.74981698E-02
-0.24366919E-01  0.38187581E+00 -0.86384844E-02 -0.27768339E-02 -0.16356805E-01  0.40920675E-02 -0.30890172E-01 -0.86287726E-02 -0.53490732E-01 -0.56843806E-01
 0.47307041E-01 -0.11807385E-01  0.25246030E-01 -0.79181187E-01  0.23703618E-01 -0.27997978E-02  0.27321327E-01 -0.20619817E-01  0.72005562E-01 -0.38476128E-01
 0.41024618E-01 -0.54775164E-01  0.98538511E-02  0.15666389E+00 -0.19519946E-01 -0.50899613E+00  0.16674308E+00  0.99755777E-02  0.10960937E-01 -0.21097492E-01
 0.18431790E-01 -0.40326193E-01  0.12520018E+00  0.74534111E-01  0.13038397E+00  0.12076437E+00  0.11095648E+00  0.11343274E+00 -0.59466615E-01  0.19450496E-02
 0.22211407E+00  0.41428069E-02  0.98675340E-01 -0.23546353E-01  0.20687793E+00  0.40669735E-02 -0.55400867E-01 -0.23163397E-01  0.29286167E+00  0.27392630E-01
 0.10836015E-01  0.40601776E-02 -0.11964274E+00  0.60647494E+00
 0.11433865E+00  0.12182522E+00  0.15382119E+00  0.86784609E-01  0.26801564E-01  0.23850484E-01  0.59975900E-01  0.39123170E-01  0.27647190E-01  0.34161277E-01
 0.17016625E-01  0.25567586E-01  0.17776391E-01  0.28874032E-01  0.30123333E-01  0.39251164E-01  0.29222345E-01  0.59731767E-01  0.53832151E-01  0.31616159E-01
 0.82110696E-01  0.27264295E-01  0.21773370E-01  0.85127443E-01  0.35756528E-01  0.28985901E-01  0.10829809E+00  0.58604315E-01  0.41406460E-01  0.18300191E+00
 0.63779131E-01  0.51408395E-01  0.28367150E+00  0.11673053E+00  0.15071915E+00  0.10598737E+00  0.28752032E+00  0.10805538E+00  0.23170443E+00  0.31472411E-01
 0.48518598E-01  0.47345236E-01  0.45613836E-01  0.54644495E-01  0.23455385E-01  0.55621383E-02  0.54947201E-01  0.70650116E-01  0.20190434E+00  0.61713956E-01
 0.17948912E-01  0.21428360E-01  0.45753215E-01  0.47381554E-01  0.45192108E-01  0.54867607E-01  0.47032196E-01  0.46543971E-01  0.60082149E-01  0.45633797E-01
 0.57549734E-01  0.18152677E-01  0.47089569E-02  0.43094151E-01  0.63669957E-01  0.62580548E-01  0.57543885E-01  0.71983822E-01  0.31456668E-01  0.72991769E-02
 0.71720265E-01  0.92799000E-01  0.34469053E+00  0.88967189E-01  0.24811495E-01  0.24618054E-01  0.58558844E-01  0.63497216E-01  0.59978660E-01  0.78228779E-01
 0.62933385E-01  0.64056411E-01  0.75618424E-01  0.61256960E-01  0.71693376E-01  0.28959589E-01  0.63454108E-02  0.16624302E+00  0.11735836E+00  0.38846422E-01
 0.41344441E-01  0.43084394E-01  0.40066227E-01  0.48528589E-01  0.20902965E-01  0.52136448E-02  0.62895447E-01  0.67489222E-01  0.26876584E+00  0.59164111E-01
 0.16685996E-01  0.15932975E-01  0.38178816E-01  0.44791892E-01  0.46608701E-01  0.53856682E-01  0.54868452E-01  0.44482715E-01  0.72234973E-01  0.48600491E-01
 0.54289144E-01  0.23158725E-01  0.39228224E-02  0.31492847E+00  0.70407683E+00  0.30392769E+00  0.20316944E+00  0.14163019E+00  0.10779956E+00  0.85111469E-01
 0.10854766E+00  0.12347235E+00  0.11078122E+00  0.46326049E-01  0.10632001E-01  0.14157008E+00  0.12294476E+00  0.47946534E+00  0.13528663E+00  0.37683323E-01
 0.38614459E-01  0.83625533E-01  0.16824450E+00  0.11300280E+00  0.11835479E+00  0.16914603E+00  0.92054084E-01  0.19834563E+00  0.11855932E+00  0.16168021E+00
 0.78886338E-01  0.91014281E-02  0.34689385E-01  0.44572338E-01  0.41448098E-01  0.40330771E-01  0.53444482E-01  0.20603366E-01  0.52057961E-02  0.53526651E-01
 0.48364028E-01  0.18348292E+00  0.66629216E-01  0.17262233E-01  0.18393505E-01  0.41386284E-01  0.45745157E-01  0.42124379E-01  0.54675009E-01  0.34250930E-01
 0.63775904E-01  0.40268663E-01  0.46191517E-01  0.51493373E-01  0.22045393E-01  0.42583975E-02  0.75216010E-01  0.93211941E-01  0.82837552E-01  0.79333633E-01
 0.10998826E+00  0.44472359E-01  0.10539161E-01  0.10070705E+00  0.11717286E+00  0.48928928E+00  0.18532526E+00  0.39061531E-01  0.42514160E-01  0.83099291E-01
 0.96197858E-01  0.89226983E-01  0.10809870E+00  0.77594727E-01  0.11559618E+00  0.96446395E-01  0.95213555E-01  0.10762498E+00  0.44418972E-01  0.82039591E-02
 0.80317408E-01  0.10033492E+00  0.12741655E+00  0.44044055E-01  0.35261512E-01  0.13409273E+00  0.50918974E-01  0.68970077E-01  0.74615009E-01  0.95081560E-01
 0.11767663E+00  0.46144586E-01  0.10431114E+00  0.24624892E+00
 0.20400000E+03 -0.41780323E+05  0.14596041E+01 -0.41573276E+05  0.12566948E+01  0.83968647E+05  0.85204481E+05  0.84556287E+05  0.37156949E+03  0.29100000E+03
 0.96633026E-03  0.11144491E+01  0.98272670E+00  0.97239833E+00  0.93619003E-02  0.61829181E-02  0.12079559E-01  0.10000000E+01  0.23245615E-01  0.13425337E-05
