 0.69971091E+00  0.67879790E+00  0.53537047E+00  0.55325347E+00  0.46849608E+00  0.55591500E+00  0.63239396E+00  0.57429343E+00  0.58050245E+00  0.61531860E+00
-0.17787284E+00  0.32893932E+00  0.24089691E+00  0.15729006E-01 -0.14259359E+00  0.94968654E-01 -0.22602428E-02 -0.12109319E-01 -0.87560572E-01  0.12548608E-01
-0.20274480E-02 -0.23094849E+00  0.10192804E+00 -0.11790353E+00 -0.90337597E-01  0.30421192E-01  0.43067202E-01  0.13983904E-01 -0.42158455E-01  0.17330290E+00
 0.10110194E+00  0.23393275E+00 -0.94391871E-02  0.26458868E+00  0.14832672E+00 -0.86122610E-01  0.18633982E-01  0.47855987E-03  0.37025660E-01 -0.37401445E-01
 0.69646435E-02  0.86176284E-01  0.16588402E-02 -0.48392948E-01  0.32075157E-02  0.39485931E-01  0.23121022E-01 -0.62753424E-01  0.53332906E-01  0.26290861E-02
-0.39175671E-01 -0.51935900E-01  0.29455347E-01 -0.98474212E-01  0.82055107E-01 -0.14426251E+00 -0.18243045E-01 -0.11427740E+00 -0.62545352E-01  0.12625597E+00
-0.66283569E-01  0.47545908E-02 -0.46296108E+00 -0.23493396E+00 -0.52265137E-01 -0.16925496E+00 -0.52506506E-01  0.22877979E+00 -0.31234568E-03  0.72104079E-02
-0.64940214E-01  0.10950827E+00 -0.68643647E-02 -0.14066885E+00 -0.59605416E-01 -0.21118412E-02  0.97881913E-01  0.48090529E+00 -0.73737025E-01 -0.20151541E+00
 0.55613276E-01  0.63872918E-01  0.11635291E+00  0.46531606E-01 -0.27768057E-01  0.13008583E+00 -0.11473167E-01  0.34711292E+00 -0.80303693E+00  0.60935438E+00
 0.12556823E+00 -0.12304467E-01  0.12415639E+00  0.23073985E+00 -0.22763973E+00  0.15304284E-01 -0.14748138E-01  0.10911747E+00 -0.17089571E+00  0.24143283E+00
 0.34007677E+00  0.62246971E-01 -0.41643777E-02 -0.23917632E+00 -0.52033913E+00 -0.65316677E-01  0.34257445E+00 -0.81653170E-01  0.48336320E-01 -0.25020963E+00
-0.47640853E-01  0.23749855E+00 -0.19803742E+00  0.13459674E-01  0.23102063E+00 -0.94544375E-02  0.16094723E+00  0.18814952E-02  0.18204291E+00 -0.87804675E-01
 0.45022342E-01  0.21310497E-01  0.22115976E-01  0.35502180E-01  0.38503811E-01  0.33780489E-01  0.24768172E-01  0.27965005E-01  0.38722206E-01  0.58168262E-01
 0.10787223E+00  0.16684957E+00  0.10097498E+00  0.30548501E+00  0.29339770E-01  0.43519981E-01  0.43042216E-01  0.40848561E-01  0.49300727E-01  0.20469779E-01
 0.50644185E-02  0.50907277E-01  0.66665456E-01  0.16877089E+00  0.56977034E-01  0.16546778E-01  0.20187605E-01  0.41175045E-01  0.43790299E-01  0.41245647E-01
 0.47936514E-01  0.41999102E-01  0.42632237E-01  0.56906689E-01  0.40396661E-01  0.52887410E-01  0.17466484E-01  0.44368519E-02  0.51176336E-01  0.67531466E-01
 0.69515042E-01  0.66556014E-01  0.77867083E-01  0.35150796E-01  0.84101409E-02  0.81640802E-01  0.11047609E+00  0.38717017E+00  0.11192014E+00  0.27964761E-01
 0.27764814E-01  0.65301403E-01  0.74056782E-01  0.67077905E-01  0.86142026E-01  0.68669461E-01  0.73667780E-01  0.86667508E-01  0.68319470E-01  0.79530194E-01
 0.34874000E-01  0.68623247E-02  0.85102931E-01  0.32516744E-01  0.39303280E-01  0.40194683E-01  0.39507922E-01  0.47954179E-01  0.20009689E-01  0.49826605E-02
 0.50278123E-01  0.65583363E-01  0.20809817E+00  0.57021964E-01  0.16697966E-01  0.15433340E-01  0.38055394E-01  0.44058919E-01  0.39954558E-01  0.49359117E-01
 0.44657439E-01  0.44272315E-01  0.58784291E-01  0.42751376E-01  0.48276521E-01  0.21912996E-01  0.40316135E-02  0.34741145E+00  0.56719363E+00  0.40270168E+00
 0.14522897E+00  0.10071901E+00  0.12501325E+00  0.11535807E+00  0.13865596E+00  0.60543336E-01  0.12418961E-01  0.14356317E+00  0.16495316E+00  0.48383790E+00
 0.18291633E+00  0.48508752E-01  0.48195481E-01  0.11653171E+00  0.20666158E+00  0.11934084E+00  0.15317968E+00  0.16668920E+00  0.11369549E+00  0.19214296E+00
 0.12187058E+00  0.15312223E+00  0.94788924E-01  0.11242122E-01  0.33857197E-01  0.49694281E-01  0.85483909E-01  0.31547386E-01  0.32109790E-01  0.17959994E+00
 0.12000000E+03 -0.27812707E+05  0.11395893E+01 -0.27642831E+05  0.10994050E+01  0.55865415E+05  0.56596667E+05  0.56215373E+05  0.31653743E+03  0.18500000E+03
 0.58033911E-08  0.10733395E+01  0.97135649E+00  0.95587351E+00  0.14736674E-01  0.11929278E-01  0.17465311E-01  0.10000000E+01  0.23691242E-01  0.14452228E-05
