 0.76946384E+00  0.66686797E+00  0.11232039E+01  0.65762794E+00  0.54791194E+00  0.52788877E+00  0.49818414E+00 -0.68097629E-01  0.63563144E+00 -0.49186759E-01
 0.57521641E+00 -0.48316862E-01  0.58457398E+00 -0.28084362E-01  0.61558497E+00  0.20276354E+00 -0.14539228E+00  0.23795940E+00 -0.12648691E+00 -0.70848805E-02
 0.25845785E-01 -0.14516696E-01  0.40295038E-01  0.12164979E+00 -0.21404689E-01 -0.29782824E-01  0.45536555E-04  0.64349242E-01  0.21103268E-01 -0.11165305E+00
-0.94140889E-02  0.82436334E-02 -0.19260816E-01 -0.34509428E-01  0.17855961E-01 -0.64112462E-01  0.67115150E-01 -0.10030507E+00 -0.55087551E-01 -0.84213637E-01
-0.56438927E-01  0.12398206E+00 -0.65081984E-01  0.77060261E-02 -0.10901327E+00 -0.14152385E+00  0.82501717E-01 -0.32274369E-01 -0.42848319E-01 -0.60642857E-01
 0.12381435E-01 -0.82853256E-03 -0.25702253E+00  0.80577098E-01 -0.91700554E-01 -0.54664128E-01  0.18660152E-01  0.40527109E-01  0.18060524E-01 -0.11072788E-01
 0.17740034E+00  0.73287867E-01  0.20843381E+00  0.53451695E-01  0.24439968E+00  0.15771753E+00 -0.96878581E-01  0.26236843E-01 -0.24461073E-02 -0.37389058E+00
-0.78371586E-02 -0.22238980E+00 -0.62498961E-01 -0.16800508E+00 -0.63684016E-01  0.23735809E+00 -0.25243410E-02  0.76504354E-02 -0.50061889E-01  0.10294044E+00
 0.17815279E-01 -0.12531745E+00 -0.50466336E-01 -0.12534590E-01  0.91973953E-01  0.48260036E+00 -0.91227695E-01 -0.21113396E+00  0.38932633E-01  0.66018380E-01
 0.97991079E-01  0.37732188E-01 -0.26280917E-01  0.12830685E+00 -0.11888552E-01 -0.38185218E+00  0.18466440E+00  0.48855335E+00  0.37167806E-01  0.61303046E-01
 0.10500400E-01  0.10818648E+00  0.20789073E+00 -0.21193118E+00  0.43219451E-01 -0.16307583E-01  0.68671666E-01 -0.16359188E+00  0.19066031E+00  0.27032304E+00
 0.43610197E-01  0.33359621E-01 -0.18925631E+00 -0.47566238E+00 -0.54418622E-03  0.28424516E+00  0.17031664E-01  0.57315920E-01 -0.15819940E+00 -0.17124142E-02
 0.17742322E+00 -0.15003362E+00  0.99152140E-02 -0.13322288E+00  0.62397841E-01  0.10332421E+00  0.81581520E-02  0.19090621E+00 -0.18160624E-01  0.19894181E+00
 0.67963338E+00 -0.14924321E-01  0.55545580E+00
 0.10223795E+00  0.11925603E+00  0.14157321E+00  0.26243767E-01  0.24064757E-01  0.59476782E-01  0.38080294E-01  0.16573440E-01  0.24937702E-01  0.17578904E-01
 0.28181985E-01  0.29782170E-01  0.38981043E-01  0.28141778E-01  0.53855814E-01  0.14273855E+00  0.10998373E+00  0.10305969E+00  0.31848422E+00  0.94202675E-01
 0.41254722E-01  0.59485052E-01  0.59626032E-01  0.54461643E-01  0.66588975E-01  0.28473455E-01  0.64955829E-02  0.68784051E-01  0.85568637E-01  0.32140654E+00
 0.81508152E-01  0.22871325E-01  0.23381015E-01  0.55257756E-01  0.60225543E-01  0.57322234E-01  0.70953980E-01  0.58532804E-01  0.60592268E-01  0.72230950E-01
 0.56702107E-01  0.68671636E-01  0.27875738E-01  0.62751113E-02  0.73856436E-01  0.30414619E-01  0.45913987E-01  0.45505404E-01  0.43089971E-01  0.50144356E-01
 0.20413259E-01  0.47676158E-02  0.52641753E-01  0.66397525E-01  0.18532684E+00  0.55321392E-01  0.16840674E-01  0.20473862E-01  0.43006718E-01  0.44354353E-01
 0.43019202E-01  0.50420839E-01  0.44153892E-01  0.43627504E-01  0.58438588E-01  0.42376935E-01  0.54739740E-01  0.16914370E-01  0.46610041E-02  0.19600198E+00
 0.48845995E-01  0.40520847E-01  0.40828206E-01  0.40219560E-01  0.39741170E-01  0.47533195E-01  0.19914193E-01  0.49225888E-02  0.69517627E-01  0.66055253E-01
 0.20016800E+00  0.56937255E-01  0.16463278E-01  0.16697936E-01  0.37702464E-01  0.43313432E-01  0.49986638E-01  0.51040407E-01  0.55266548E-01  0.44172771E-01
 0.70970289E-01  0.50095517E-01  0.50958853E-01  0.22900140E-01  0.39673382E-02  0.88008493E+00  0.39645815E+00  0.13074830E+00  0.97876757E-01  0.97144440E-01
 0.90344615E-01  0.92998184E-01  0.14226368E+00  0.96073814E-01  0.52212726E-01  0.98125907E-02  0.18728562E+00  0.11688761E+00  0.35611081E+00  0.12892863E+00
 0.34238812E-01  0.45319587E-01  0.85508727E-01  0.11362206E+00  0.14928213E+00  0.10482886E+00  0.18285538E+00  0.10875203E+00  0.19386937E+00  0.13433446E+00
 0.17700078E+00  0.78656539E-01  0.10763705E-01  0.75359769E-01  0.45264661E-01  0.10971161E+00  0.89359276E-01  0.74378945E-01  0.47568139E-01  0.19941248E-01
 0.80847383E-01  0.28089298E-01  0.26375245E-01
 0.13300000E+03 -0.27662473E+05  0.11906141E+01 -0.27530023E+05  0.11152979E+01  0.55590946E+05  0.56401417E+05  0.55978817E+05  0.24984443E+03  0.18200000E+03
 0.63041034E-03  0.10602592E+01  0.98559492E+00  0.97665111E+00  0.10670434E-01  0.71389751E-02  0.13793979E-01  0.10000000E+01  0.21863092E-01  0.12716075E-05
