 0.64134357E+00  0.68786412E+00  0.98795841E+00  0.40901497E+00  0.37914319E+00  0.39762852E+00  0.40601815E+00  0.52580247E-01  0.40093043E+00  0.43686491E-01
 0.41794711E+00  0.38643398E-01  0.35783497E+00  0.45708046E-01  0.38428192E+00 -0.13812698E-01  0.79184639E-02 -0.58163780E-02  0.36716564E-01  0.16727406E+00
 0.94920990E-01  0.11490533E-01 -0.79980747E-01  0.54495285E-01  0.17202633E-01 -0.21390220E-01 -0.61269413E-02 -0.37627974E-01 -0.22009245E-01 -0.41859699E+00
 0.18609529E+00 -0.84868629E-01 -0.19368281E-02  0.20995027E-01 -0.84892124E-01  0.17641597E+00 -0.43021885E+00  0.21826999E+00  0.95322150E-01  0.28227806E-02
 0.98278954E-01 -0.55194406E-01  0.45758956E-01 -0.45577911E-01 -0.56795367E-01  0.64602666E-01  0.32749896E-01 -0.12573782E-01  0.55710001E+00  0.18166492E+00
 0.42175935E+00  0.12953426E+00  0.65515126E+00  0.46438775E+00  0.44944696E+00  0.49514576E-01  0.36543488E+00
 0.52896274E-01  0.48137670E-01  0.69755710E-01  0.19799879E-01  0.18267359E-01  0.28234902E-01  0.26399129E-01  0.14811514E-01  0.18385436E-01  0.13778485E-01
 0.20301466E-01  0.15032080E-01  0.19359531E-01  0.16749610E-01  0.25081382E-01  0.47707897E-01  0.54178243E-01  0.50087724E-01  0.65061104E-01  0.54719648E-01
 0.57122788E-01  0.58683635E-01  0.57819732E-01  0.57222004E-01  0.59189757E-01  0.63445907E-01  0.61300198E-01  0.62464962E-01  0.57187131E-01  0.59231136E-01
 0.47299215E-01  0.59789015E-01  0.58888769E-01  0.60807884E-01  0.52078048E-01  0.16641526E+00  0.18382799E+00  0.10281191E+00  0.71417186E-01  0.12172804E+00
 0.13947357E+00  0.70804477E-01  0.73140737E-01  0.72735902E-01  0.74941239E-01  0.73018674E-01  0.50047433E-01  0.32373320E-01  0.41261705E-01  0.41432251E-01
 0.52523832E-01  0.45596734E-01  0.45446035E-01  0.83628374E-01  0.35355626E-01  0.25490612E-01  0.28258016E-01
 0.57000000E+02 -0.15023698E+05  0.10014540E+01  0.30161395E+05  0.30451530E+05  0.30270475E+05  0.29219356E-04
