 0.27980158E-02    0.11292585E-02    0.23172353E-02    0.21886895E-02    0.12786369E-02
 0.48658590E-02   -0.12700852E-03    0.49328063E-04    0.45776248E-04    0.39203521E-03
 0.38883019E-04   -0.16938610E-03    0.98172169E-04   -0.76600817E-05    0.33369640E-03
-0.31762738E-03   -0.10640127E-03   -0.10402974E-02   -0.11621514E-04   -0.49931925E-04
 0.79720968E-03    0.57402737E-03    0.35227092E-03    0.97049617E-03   -0.37602360E-04
 0.23108189E-04   -0.24101022E-03    0.69691401E-03   -0.65597545E-04   -0.77158547E-04
-0.38144869E-04    0.37526968E-04    0.46004033E-05    0.61319662E-05   -0.92398327E-05
 0.21938096E-03   -0.27641057E-06    0.10446528E-04   -0.45892437E-04   -0.11043941E-04
 0.21024914E-04    0.90032105E-05    0.44650683E-04    0.48692362E-04    0.33802424E-03
 0.65735301E-04   -0.59378064E-05    0.59056246E-04   -0.31504437E-05    0.28143502E-04
-0.90999822E-05    0.26214874E-04   -0.72932742E-05    0.35003959E-04    0.18984664E-03
 0.22247093E-04    0.47612959E-04    0.92036015E-04    0.80367089E-06   -0.20595176E-04
 0.97639879E-05   -0.67052923E-05    0.19742027E-04    0.61552840E-05    0.43995793E-04
 0.41214954E-03    0.94055363E-05    0.12958417E-04    0.25801724E-05    0.58183637E-05
-0.13475424E-04    0.24378990E-04   -0.28508265E-05   -0.94159187E-05   -0.10000569E-05
 0.22198002E-05    0.55230209E-06    0.22596344E-03    0.11398079E-04   -0.14836935E-04
 0.39266075E-04   -0.78762553E-05   -0.98520144E-05   -0.39370148E-04   -0.16238209E-04
-0.17218748E-05   -0.45408824E-04    0.47475680E-05    0.83810097E-06    0.26420232E-04
 0.37479145E-03   -0.28827338E-04    0.67805400E-04   -0.12117326E-03    0.63860039E-05
-0.13884030E-04    0.40949324E-04    0.83176676E-05   -0.66354081E-05   -0.10271886E-05
-0.18015748E-04   -0.76944367E-05   -0.38736894E-04    0.10311032E-05    0.28054944E-03
-0.97094059E-04   -0.85101095E-05   -0.85712716E-04    0.21728498E-04   -0.22550700E-05
 0.23992183E-04   -0.15803729E-04    0.25519824E-04    0.64155453E-07    0.53637448E-05
-0.60919021E-04    0.53044367E-05   -0.87173992E-04    0.43360139E-04    0.62907572E-03
-0.19864259E-03    0.63314424E-04   -0.27719863E-03    0.42314891E-04   -0.48572003E-04
 0.70161371E-04   -0.10758635E-03   -0.39296267E-05   -0.76683989E-04   -0.26298832E-04
-0.11487059E-04   -0.24225468E-04    0.30051084E-04    0.49344821E-04    0.30267715E-04
 0.22760435E-02    0.20663680E-03   -0.26833410E-03    0.66725681E-03   -0.40668869E-04
 0.10715823E-03   -0.24499532E-03    0.14715195E-03    0.55614306E-04    0.52051523E-04
 0.68227653E-04    0.12314545E-04   -0.49721712E-04    0.82311207E-05    0.23319118E-04
-0.14116868E-04   -0.64061217E-03    0.29352820E-02   -0.66624257E-04    0.52590182E-04
-0.22608308E-03    0.44123710E-04    0.10236433E-04    0.84590513E-04   -0.37409295E-04
 0.28292541E-04    0.61601202E-04   -0.11140528E-04    0.75893298E-06    0.56686562E-04
-0.33672395E-04    0.23765453E-04    0.10011373E-04    0.52103059E-03   -0.18488615E-03
 0.25087801E-02   -0.60052237E-04   -0.82869729E-04    0.24726984E-03   -0.37447643E-04
-0.46800902E-05   -0.64638685E-04    0.66558787E-04   -0.11186407E-04   -0.34366398E-04
 0.34485905E-04    0.42659088E-04   -0.80119431E-04   -0.71456824E-04    0.29024863E-04
 0.92632867E-05   -0.79214260E-03    0.11768466E-02   -0.14558896E-02    0.42329473E-02
 0.70555837E-03    0.42233857E-03    0.13170995E-02   -0.10392989E-04    0.92519425E-04
-0.35189009E-03    0.28551653E-03   -0.73008021E-04    0.38457217E-04    0.24237088E-04
 0.16659401E-04   -0.41391699E-04   -0.55612709E-05    0.44403351E-04   -0.47297853E-04
 0.44260579E-04    0.12468795E-03   -0.18676742E-04    0.38731320E-03    0.29942398E-02
-0.16301143E-03   -0.87083983E-04    0.16918629E-03   -0.34328932E-04   -0.14410284E-04
-0.14384808E-03    0.50460152E-04    0.27643477E-04    0.22076875E-04    0.14908188E-04
 0.23464954E-04   -0.29622002E-04   -0.40107950E-04   -0.10526541E-03   -0.16910477E-04
-0.14730373E-02    0.38418623E-03   -0.38159247E-03    0.43754744E-03   -0.59025046E-04
 0.32630129E-02    0.19028441E-03    0.21571607E-04    0.38666617E-04    0.15177809E-05
 0.50072933E-04    0.48796644E-04    0.38258854E-04    0.12305262E-04    0.62600161E-04
-0.52788160E-04   -0.32780541E-04    0.11992241E-03   -0.83679724E-05    0.41350061E-04
-0.53118595E-05   -0.12754853E-02    0.32579613E-03   -0.27886320E-03    0.44601468E-03
 0.29946515E-04    0.19362969E-03    0.34437690E-02    0.33619711E-03   -0.24641138E-03
 0.96121150E-04   -0.33793497E-04    0.24108642E-04    0.43023127E-04    0.66228159E-04
-0.36911218E-05    0.22540227E-04    0.51764218E-04    0.15352024E-04    0.31516942E-04
 0.13250444E-05    0.24368535E-04   -0.19521763E-04   -0.10996808E-02    0.14964554E-03
-0.29764029E-03    0.26906410E-03   -0.59938772E-04    0.17524637E-03   -0.41389796E-03
 0.33431214E-02    0.41429402E-03    0.23715782E-03    0.19559560E-03    0.88911612E-05
-0.10321659E-03   -0.64916110E-04    0.13900442E-03    0.31035692E-04   -0.26754156E-04
-0.74990876E-05    0.16401125E-04   -0.18933480E-05    0.17302211E-04    0.89566667E-05
 0.60215058E-04   -0.70888916E-04   -0.13725892E-04   -0.15859258E-03    0.78178070E-04
-0.11496915E-02   -0.46675248E-04    0.48816730E-03    0.84320691E-04    0.32743578E-02
-0.70968483E-03   -0.44506184E-03   -0.14129615E-02    0.15288112E-04   -0.28472745E-04
 0.41858187E-03   -0.41781562E-03    0.52957123E-04    0.52346880E-05   -0.16963679E-04
-0.29209591E-04    0.32683308E-04    0.46990072E-04   -0.33483508E-04    0.48945385E-04
 0.70579078E-04   -0.67542109E-04    0.10338145E-03   -0.54335325E-03   -0.22472234E-02
-0.71508754E-04   -0.50011969E-04   -0.10045790E-03    0.16750755E-03    0.35034273E-02
 0.66768213E-03    0.56255252E-03   -0.25235353E-03   -0.14308069E-04   -0.11945712E-03
 0.12824067E-03   -0.35469804E-04   -0.80166935E-04   -0.76334574E-04   -0.10544554E-03
-0.87744302E-04    0.47643846E-04    0.42432711E-04    0.29707867E-04    0.30486738E-04
 0.44146679E-03   -0.18471095E-02    0.17411530E-03   -0.66564212E-03   -0.83427901E-04
-0.10083099E-02   -0.11002427E-03   -0.82336428E-05    0.27751269E-03   -0.21928612E-03
 0.40253831E-02   -0.14648938E-03    0.31252487E-03   -0.68677583E-05    0.13278039E-03
-0.49673601E-04    0.62937379E-04   -0.40158269E-04   -0.35160366E-04   -0.20410791E-04
 0.38143345E-04    0.12728846E-03   -0.40801146E-04    0.15289628E-04   -0.18280392E-04
-0.50308449E-04    0.17860898E-03   -0.14522936E-02    0.33212731E-04   -0.48558908E-03
 0.45900129E-04   -0.18364903E-04   -0.72575916E-03    0.34864704E-03   -0.63665046E-04
 0.10606213E-03    0.25168549E-03    0.37577142E-02   -0.68963547E-03    0.26597734E-05
-0.10255947E-02    0.29696885E-04   -0.61351995E-04    0.25562124E-03   -0.24701821E-03
-0.61153081E-05    0.99720097E-05   -0.55882989E-04   -0.11524559E-03    0.57886909E-04
-0.49062141E-04   -0.11798594E-04    0.55823579E-04    0.22247889E-03   -0.16319589E-02
 0.11951277E-03   -0.71797352E-03   -0.20511564E-03    0.47867679E-04    0.24396479E-03
-0.82954595E-03   -0.38423178E-04    0.12628909E-03    0.35677173E-03   -0.29281486E-03
 0.39018715E-02   -0.78019333E-03   -0.32939077E-03   -0.11815574E-02    0.14186248E-04
-0.56511900E-04    0.22865421E-03   -0.25576334E-03    0.31208965E-04    0.15874696E-04
-0.46851747E-04   -0.18512410E-04   -0.17531553E-04   -0.67348288E-04    0.19458632E-04
 0.47236784E-04    0.67428716E-04   -0.14787767E-03    0.99711952E-04    0.11212151E-03
-0.14703740E-03    0.18470326E-03   -0.25297639E-05   -0.86827230E-04   -0.72596999E-03
-0.88539706E-03    0.17742670E-03   -0.23569095E-03    0.27448843E-03    0.32703680E-02
 0.51166355E-03    0.47787326E-05    0.13947394E-02   -0.63849243E-05   -0.31076207E-04
-0.37562067E-03    0.32355852E-03   -0.15288003E-04   -0.12131744E-03   -0.12606005E-04
 0.10701518E-03   -0.22141401E-04    0.14978677E-04   -0.68544907E-04   -0.28419237E-04
-0.12374430E-03    0.29135179E-03   -0.15423540E-03    0.32713497E-03    0.46500263E-03
 0.31285880E-04    0.18984352E-04    0.15042443E-06    0.13677437E-03   -0.64140070E-03
-0.24082521E-03    0.26618095E-03   -0.47470669E-03   -0.17227054E-03    0.35083275E-02
 0.14787723E-03    0.16103589E-03    0.38170065E-03   -0.27583559E-04    0.60600852E-04
-0.12409954E-03    0.22848344E-04   -0.15421619E-04   -0.64014185E-04   -0.29659473E-05
-0.34709837E-04   -0.21452470E-04    0.78831800E-04    0.32546076E-04   -0.56240359E-04
 0.29168632E-04   -0.61337952E-04    0.35465916E-05    0.32212284E-03    0.12938808E-02
-0.21042705E-04    0.73550569E-04    0.88694005E-04   -0.46055643E-03   -0.10661653E-02
 0.13398926E-03   -0.60276225E-04   -0.12009441E-03    0.15465318E-03   -0.43573696E-03
 0.22372158E-02   -0.23333691E-04   -0.17775096E-03    0.42587710E-04    0.37547618E-04
-0.84798100E-05    0.25150962E-04    0.59757204E-06   -0.10081232E-04   -0.33450156E-04
 0.71823062E-04    0.11364869E-03   -0.30197427E-04    0.51328952E-05    0.18932154E-04
-0.26038750E-04   -0.44227145E-03    0.29462906E-03   -0.14383601E-02    0.84156427E-03
 0.64897572E-04    0.70774907E-03   -0.25017709E-04    0.31857663E-03   -0.66862722E-04
 0.61603973E-04   -0.58409735E-03    0.69555733E-04   -0.13544083E-03   -0.17617720E-03
-0.12963859E-03   -0.27210099E-03    0.35747263E-02    0.44088286E-04   -0.53996145E-04
 0.42156505E-04   -0.36259751E-04   -0.23360367E-04    0.10274454E-04    0.12746076E-04
 0.64907145E-05   -0.41877187E-04   -0.85623762E-04   -0.55170303E-04   -0.11427302E-04
-0.45890614E-04   -0.27007968E-05    0.37398974E-04   -0.33155328E-03    0.10089197E-03
-0.13641611E-02    0.88190315E-03   -0.36421264E-04    0.25153166E-05    0.88266278E-03
 0.23278598E-04    0.17974800E-03   -0.10899136E-03    0.11669361E-03   -0.22423323E-03
 0.63428246E-04    0.20832664E-03    0.17654879E-04    0.14854481E-03   -0.14325237E-03
 0.34678871E-02    0.17788201E-03   -0.38704426E-04    0.38562870E-03   -0.18860369E-04
 0.12492424E-04   -0.17290303E-03    0.55508798E-04   -0.37221159E-04   -0.57093269E-04
 0.11328088E-04   -0.29750076E-04   -0.38130345E-04    0.74270110E-04   -0.72700767E-04
-0.59039205E-05   -0.10711493E-03   -0.37999811E-05   -0.13517759E-02    0.68473401E-03
-0.56333245E-04    0.17480511E-03   -0.25215155E-03    0.66636817E-03    0.19064838E-03
-0.66387014E-04   -0.85129611E-04    0.16066063E-03   -0.41164788E-03   -0.17397280E-03
 0.54091227E-03    0.65207937E-04    0.73312789E-04   -0.52955768E-04    0.36975987E-02
 0.27639863E-03    0.26267442E-03    0.19306551E-03    0.13491236E-04   -0.82408195E-04
-0.61552922E-04    0.16302274E-03    0.10212068E-04    0.50745262E-04   -0.10659966E-04
 0.66500775E-04    0.34738424E-04   -0.59544239E-04    0.48660277E-04    0.37507965E-04
 0.86295092E-04    0.89891312E-04    0.83097891E-04   -0.24719935E-03   -0.30237620E-03
-0.87580999E-04    0.43631884E-04   -0.39602213E-04    0.70544286E-03    0.62445009E-04
-0.97601777E-04   -0.64841101E-04    0.62238604E-04   -0.19385652E-03   -0.14576793E-03
-0.11379566E-02    0.15074157E-03   -0.54981318E-04   -0.91772436E-04    0.27121231E-02
-0.29021303E-02   -0.57670703E-03   -0.53290899E-02    0.20696859E-03   -0.16222330E-03
 0.13503583E-02   -0.12571770E-02    0.48623752E-04    0.17084512E-03   -0.57272009E-04
-0.18261920E-03    0.11849113E-03   -0.27664486E-03    0.30954428E-03    0.54965487E-03
 0.45954979E-03   -0.68424776E-03    0.56311483E-03   -0.24501634E-04   -0.15057303E-02
 0.27886797E-04    0.35280919E-04   -0.62036290E-03   -0.10034927E-02    0.17964744E-02
 0.24908399E-03   -0.95123995E-03    0.16740592E-02    0.14910821E-02   -0.62667059E-02
 0.25208221E-03    0.22178740E-03   -0.17065796E-03   -0.17129469E-02    0.48542888E-03
 0.27694038E-01    0.28253003E-02    0.38763970E-03    0.49013416E-02   -0.17137109E-03
 0.21138079E-03   -0.13822519E-02    0.11515366E-02    0.39426198E-04   -0.24854346E-03
 0.56266548E-04    0.94923711E-04   -0.23325790E-03    0.36079703E-03   -0.53074729E-03
-0.53448535E-03   -0.42317822E-03    0.54869288E-03   -0.46855091E-03    0.52441718E-04
 0.12891279E-02    0.86549847E-04   -0.24521805E-03    0.86226089E-03    0.11661896E-02
-0.17158430E-02   -0.15839453E-03    0.11575837E-02   -0.16681251E-02   -0.13289486E-02
 0.52449941E-02    0.82066129E-05   -0.24896655E-03    0.76620055E-04    0.16975107E-02
-0.57325379E-03   -0.27241056E-01    0.33792729E-01   -0.13777799E-02   -0.15932478E-03
-0.31194503E-02    0.19499016E-03   -0.11914840E-03    0.84563935E-03   -0.70047467E-03
-0.21370434E-04    0.12174104E-03    0.57359587E-04   -0.11420411E-03    0.79936408E-04
-0.11247671E-03    0.14770249E-03    0.45901526E-03    0.35063333E-03   -0.58185816E-03
 0.21975513E-03   -0.18685228E-07   -0.65506526E-03   -0.20472658E-03    0.12027085E-04
-0.25060205E-03   -0.30229134E-03    0.83790071E-03    0.37002240E-03   -0.13876715E-03
 0.91003798E-03    0.69331815E-03   -0.30858229E-02    0.14284078E-04    0.13306870E-03
-0.12478069E-03   -0.98209153E-03    0.23552582E-03    0.14137076E-01   -0.13944811E-01
 0.10570289E-01    0.79593307E-03    0.34322274E-03    0.29346778E-03   -0.70918837E-04
-0.14941026E-05   -0.68178563E-04    0.20720686E-03   -0.82133775E-04   -0.42197762E-04
-0.51372388E-04   -0.18137840E-04   -0.72925416E-04   -0.77328065E-04    0.54743318E-04
-0.80059654E-04   -0.12849582E-03   -0.29223483E-03   -0.11726290E-04   -0.68971710E-03
-0.43302917E-04   -0.29199612E-03    0.18134238E-03    0.12166658E-03    0.35048999E-03
-0.24960107E-03    0.11364728E-02   -0.83627512E-04   -0.25980336E-03    0.21392789E-03
 0.14651311E-03   -0.17437697E-03    0.11027214E-03    0.81575106E-04   -0.20529077E-03
 0.27708942E-03   -0.64198227E-03    0.33220179E-03   -0.35493498E-04    0.51004144E-02
-0.30651018E-04   -0.48469565E-03    0.59616778E-03   -0.13866596E-04    0.10200988E-03
-0.23246741E-03   -0.52766416E-04   -0.52851319E-05    0.94443034E-04    0.38692186E-04
 0.43015597E-04    0.73108086E-04   -0.44621242E-04    0.10144248E-04   -0.63145711E-04
-0.10980540E-04    0.35799562E-05   -0.24215724E-03   -0.57317882E-03    0.14061753E-03
 0.42954814E-03   -0.34569497E-03   -0.42054235E-03   -0.26132996E-03    0.81289452E-04
-0.25565338E-03   -0.14653473E-03    0.91743903E-03   -0.13867210E-03    0.11300860E-03
-0.11504949E-03    0.55981566E-03   -0.53493719E-04   -0.36427896E-03   -0.28047407E-03
-0.88095321E-03   -0.43644983E-02   -0.48098005E-03    0.51733142E-04    0.14817715E-01
 0.36858962E-03    0.79971420E-03    0.20347172E-02   -0.95999690E-04    0.21642285E-05
-0.56412250E-03    0.44658416E-03    0.61854948E-04    0.23446204E-03    0.12179521E-03
 0.81221269E-04    0.21026627E-04    0.23869291E-03   -0.86424163E-04   -0.11885592E-03
 0.72163810E-04    0.68410524E-03   -0.19069626E-03    0.12327566E-02    0.17434264E-02
 0.33569153E-03    0.97202739E-04   -0.50948515E-03   -0.33556033E-03   -0.16059745E-02
-0.16965252E-02    0.17119363E-03   -0.39532210E-03   -0.13141659E-02    0.12857719E-02
 0.71980699E-03   -0.21487995E-03   -0.12357597E-03    0.68559201E-03   -0.44988079E-04
-0.46486354E-02    0.42666931E-02   -0.26464286E-02   -0.52558136E-02   -0.20851549E-02
 0.19452877E-01    0.26541155E-03   -0.13777478E-03    0.17504962E-03   -0.49012017E-04
-0.47215823E-04    0.35842984E-04    0.35572508E-04    0.38944192E-04    0.57307043E-04
 0.50453301E-04    0.77556408E-04   -0.14114823E-04   -0.11568282E-04   -0.97757447E-04
-0.55472767E-04   -0.67108862E-04    0.15398196E-03    0.53558798E-04   -0.42951667E-03
-0.15822252E-02   -0.10814628E-03   -0.94831301E-04    0.11376576E-03    0.79394201E-03
 0.15944913E-02   -0.20386576E-03    0.29575807E-03   -0.30418942E-03   -0.61543645E-03
 0.10016399E-02   -0.21924985E-02    0.34739925E-03   -0.24442049E-03    0.15305758E-03
 0.54454067E-03   -0.45968355E-02    0.41273878E-02   -0.26941361E-02   -0.85449595E-05
 0.46019746E-03   -0.31769686E-04    0.50132740E-02    0.58997630E-03    0.43402266E-03
 0.11432630E-03   -0.40111608E-04    0.62503769E-04    0.34268834E-04    0.56486388E-05
-0.61570202E-04   -0.70502797E-04   -0.84619119E-04   -0.79457572E-04    0.66408119E-04
 0.12732309E-03   -0.16249439E-04    0.75435369E-05    0.61890255E-03   -0.74989405E-03
 0.83601173E-03   -0.24619487E-02   -0.15944769E-03   -0.78846879E-03   -0.26089202E-03
-0.20435416E-03    0.19625168E-03    0.83531201E-04    0.16244168E-02    0.32201908E-03
-0.17051566E-03   -0.16962476E-03    0.31753972E-04    0.63499297E-04   -0.18360886E-02
-0.12331744E-03    0.88280798E-04    0.28063875E-04   -0.10183615E-02    0.11099935E-02
 0.79826001E-04    0.56636292E-03    0.19454658E-03   -0.77915607E-03   -0.20359101E-03
 0.53495674E-02    0.46277112E-03    0.40972925E-03    0.66889970E-03    0.52667349E-04
-0.37774253E-05   -0.14383515E-03    0.13321421E-03   -0.18327081E-04    0.57073625E-04
 0.71283309E-04    0.37758484E-04   -0.11727850E-04    0.45402079E-04    0.46323446E-04
-0.98950719E-04    0.38522309E-03   -0.41514935E-03    0.78919723E-03   -0.20957965E-02
 0.21072739E-03   -0.17950608E-03   -0.10292477E-02    0.33403936E-03    0.55989435E-04
-0.11345950E-03    0.53390657E-04    0.12651796E-02   -0.23819276E-03   -0.55570269E-03
 0.10269109E-03   -0.18523322E-03    0.94598838E-04   -0.20446929E-02    0.14672012E-03
 0.62160221E-04   -0.10777428E-02    0.13732058E-02   -0.38426043E-03    0.14928518E-03
 0.37535437E-03    0.12293026E-03    0.49474821E-03    0.36616158E-03    0.52905115E-02
-0.15831957E-03    0.17642611E-03   -0.18474597E-03    0.17978560E-04    0.11595840E-04
 0.14334870E-04   -0.72788749E-04    0.13254780E-04    0.96631109E-04    0.76656221E-05
-0.69822543E-04    0.97028008E-04   -0.37514002E-04   -0.24904605E-04    0.30538220E-04
 0.16928459E-03   -0.59405193E-03    0.65521265E-03   -0.21880567E-02    0.43783107E-04
-0.28378915E-04    0.50469344E-03   -0.11608944E-02   -0.12303867E-03    0.50901304E-04
 0.79179241E-04   -0.37826207E-03    0.17038698E-02    0.28487066E-04   -0.50464672E-03
-0.23345673E-03   -0.36460180E-04    0.83610273E-04   -0.21279932E-02    0.37506779E-03
 0.12949118E-02   -0.17175611E-02    0.54958079E-03    0.59625310E-03    0.13468486E-02
-0.58905264E-03   -0.26863702E-03    0.62168436E-04   -0.23453233E-03    0.56161894E-02
-0.37201941E-03   -0.31749814E-03   -0.36596849E-03   -0.52968209E-04    0.70892717E-04
 0.10683263E-03   -0.17637781E-03   -0.64171338E-04    0.66057848E-05    0.10457579E-04
-0.10348624E-03   -0.53948097E-05    0.66690513E-04   -0.12395797E-03   -0.10555996E-03
-0.51408157E-04   -0.98682540E-04   -0.17187415E-03    0.94534828E-04    0.41418503E-03
 0.26395255E-03   -0.49171315E-04    0.90173363E-05   -0.10450553E-02   -0.38029893E-03
 0.63879998E-04   -0.37876102E-03    0.21575783E-03    0.10356379E-02    0.61931737E-04
 0.70677074E-03   -0.32713114E-03    0.33923000E-03    0.82104044E-04   -0.16599562E-02
-0.79458877E-03    0.12614477E-02   -0.40320593E-04    0.24193787E-03   -0.42137652E-03
-0.64825917E-05   -0.17692111E-02    0.26131238E-03   -0.41771629E-03   -0.42549576E-04
 0.53317268E-02   -0.82047127E-03   -0.48364459E-03   -0.14167364E-02    0.38509873E-05
-0.48271604E-04    0.37343420E-03   -0.35632973E-03    0.65342542E-04    0.43610014E-05
-0.53379997E-04   -0.27745886E-04    0.28883973E-04    0.14600231E-04   -0.12372008E-04
 0.26351699E-04    0.86859523E-04   -0.12103035E-03    0.12478896E-03   -0.51694478E-03
-0.21024290E-02   -0.55672827E-04   -0.14663625E-03   -0.10380701E-03   -0.11143148E-03
 0.23383383E-02    0.17184796E-05    0.24478112E-04    0.24151177E-03    0.42504294E-03
-0.58617201E-03   -0.10345571E-02   -0.51803182E-04   -0.78747884E-04   -0.96758389E-04
-0.60287702E-04    0.18594858E-02   -0.17718559E-02    0.80097235E-03   -0.39383616E-05
 0.16117171E-03   -0.19447078E-02    0.12857635E-02    0.14761139E-03   -0.22159746E-03
 0.16092407E-03    0.20282988E-04    0.25047455E-02    0.30766671E-04   -0.36040136E-04
-0.16361335E-04   -0.71505456E-05    0.38551483E-04    0.41624789E-04    0.98666046E-06
-0.11228298E-04    0.57783905E-04    0.37470603E-04   -0.10981698E-04   -0.12980772E-04
-0.30351109E-04   -0.25706440E-04    0.15094840E-04   -0.23961261E-04    0.38646141E-04
 0.15894417E-04   -0.18156745E-03   -0.23000097E-03    0.36254031E-04   -0.47688812E-04
-0.99536460E-04    0.52155842E-04    0.24315895E-03   -0.68646675E-04    0.87727007E-04
 0.53917483E-04   -0.16213132E-03    0.27173451E-04   -0.81345948E-03    0.12941680E-03
-0.12461530E-03   -0.17364356E-03   -0.62905891E-04   -0.65889703E-04    0.94515259E-05
-0.21303192E-04   -0.14960369E-04    0.94007417E-04   -0.41498638E-04    0.12541737E-02
-0.49371239E-04    0.27202627E-03    0.21902839E-03    0.10072962E-03    0.27089276E-03
 0.10480319E-02    0.24017753E-03    0.14361075E-03    0.32315645E-03   -0.32910562E-04
 0.83541250E-05   -0.15382339E-03    0.14367982E-03   -0.15034656E-04    0.17194770E-04
-0.13680433E-04    0.40831634E-05    0.11902486E-04   -0.62461439E-05    0.44723040E-04
-0.20672513E-04    0.10269929E-03    0.25897376E-04    0.16887775E-04   -0.22267253E-04
 0.38148967E-04   -0.24124308E-03    0.86046994E-04   -0.60245718E-04    0.29252357E-03
-0.20838991E-03    0.10068912E-03    0.70531870E-04   -0.16968172E-03   -0.16313035E-03
 0.71192681E-03   -0.61797282E-04   -0.16885952E-03    0.47415152E-04    0.30447015E-04
 0.10887056E-03   -0.18457233E-02    0.14613141E-02   -0.45045173E-03    0.27458277E-03
-0.34725153E-03    0.55151908E-03    0.13587742E-03    0.33094075E-03    0.66291690E-04
-0.14775744E-03   -0.12603884E-03   -0.24000604E-03   -0.77882961E-04    0.17025283E-02
-0.10037163E-02   -0.88050580E-03   -0.93338123E-03    0.30910643E-04    0.13478089E-04
 0.24835520E-03   -0.21817698E-03    0.60917944E-04   -0.32139289E-04   -0.35377768E-04
-0.16253051E-04   -0.32456222E-04   -0.35680542E-04   -0.46520794E-04   -0.60389588E-05
-0.28903902E-04    0.10638848E-03    0.32871659E-04    0.11560462E-03   -0.29279129E-03
 0.22240404E-03   -0.11037640E-04   -0.37485125E-04   -0.41795585E-03    0.46675788E-03
-0.40605800E-03   -0.16188991E-03    0.15680966E-03    0.40328959E-03   -0.36222478E-03
-0.25586937E-04    0.12162161E-03    0.12483839E-03   -0.12372757E-03   -0.14764029E-03
 0.25150501E-02   -0.24884853E-02    0.74810910E-03   -0.34445653E-03   -0.48573719E-04
-0.57880771E-03   -0.29497597E-03   -0.52859541E-03   -0.57333745E-03    0.10863181E-03
 0.24181558E-03    0.45576164E-03   -0.40106528E-04   -0.77286854E-03    0.17166314E-02
-0.17614924E-03   -0.45632587E-04   -0.13847859E-02   -0.52876188E-04   -0.14209420E-04
 0.20803265E-03   -0.32762608E-03   -0.57151567E-04    0.42534422E-04    0.42116917E-04
-0.10250007E-04    0.77139761E-05    0.20941258E-04    0.58221462E-04   -0.18823887E-04
 0.14599417E-03   -0.38436901E-03    0.88116017E-04   -0.31541015E-03   -0.33817334E-03
-0.12772495E-03   -0.38119159E-04    0.36215006E-04    0.36831862E-03    0.12889628E-03
 0.44297510E-03    0.10701767E-03    0.38886942E-03    0.16261562E-03   -0.47016761E-03
-0.13041941E-03    0.40260539E-04   -0.14922405E-03   -0.47478149E-04    0.49187678E-04
 0.17439662E-03    0.11895845E-02    0.81040794E-03    0.11432909E-03   -0.32049905E-03
-0.70919794E-03    0.29941548E-04    0.41948953E-03    0.17954779E-03    0.13355550E-03
 0.11953111E-03    0.18268261E-03    0.86557991E-05    0.46100317E-03   -0.80307814E-03
 0.27587529E-02   -0.91289642E-03   -0.28822222E-03   -0.18815970E-02    0.17617063E-04
-0.56328617E-04    0.46778463E-03   -0.39728357E-03   -0.34467801E-05    0.81316655E-04
 0.16114318E-05   -0.38339745E-04    0.15750166E-04   -0.28208794E-04    0.81083966E-04
 0.78677069E-05    0.22365707E-03   -0.38897702E-03    0.23952003E-03   -0.20370065E-03
-0.46336588E-03   -0.83669137E-04   -0.19151259E-04   -0.22102812E-03   -0.18352661E-03
 0.53474209E-03    0.21036410E-03   -0.55702651E-04    0.56674418E-03    0.41705740E-03
-0.17144396E-02    0.11066182E-04    0.29892709E-04   -0.49050699E-04   -0.45786929E-03
 0.65709905E-04    0.52807783E-02   -0.54536558E-02    0.31689083E-02    0.75449964E-04
-0.16015520E-03   -0.13800676E-02   -0.75225995E-03   -0.41645789E-04   -0.26000140E-03
 0.34300793E-03   -0.12424361E-04    0.53667231E-03    0.18799249E-04   -0.24243373E-03
 0.51400229E-03    0.52073476E-03    0.20790621E-02    0.23202693E-03    0.11095459E-04
 0.86155598E-03   -0.44735074E-04    0.54727681E-04   -0.24958087E-03    0.16080243E-03
-0.41718330E-05   -0.49394385E-04   -0.42147882E-04    0.25775831E-04   -0.22654340E-04
 0.42830524E-04   -0.28993860E-04   -0.48608623E-04   -0.85562811E-04    0.29366648E-03
-0.16253153E-03    0.57941035E-04    0.47727619E-04    0.10876229E-03    0.43214694E-05
-0.13550141E-04    0.74361920E-04   -0.18069723E-03   -0.17661973E-03   -0.10386281E-03
-0.21823703E-03   -0.13637197E-03    0.87666069E-03   -0.11359173E-03    0.56158850E-05
 0.98660955E-05    0.33239527E-03    0.17637933E-04   -0.28003949E-02    0.24213413E-02
-0.29005609E-02   -0.94621749E-04    0.16187813E-03    0.68956160E-03    0.55475313E-03
-0.26864636E-03    0.11280243E-03   -0.82656137E-04   -0.19187970E-04   -0.12394475E-03
 0.18744856E-04    0.51451874E-06   -0.60777723E-04   -0.43781180E-03   -0.76749293E-03
 0.20653421E-02    0.77169690E-03   -0.24760620E-04    0.16296731E-02   -0.17738664E-03
 0.56263008E-04   -0.37627834E-03    0.34202199E-03    0.45547607E-04    0.59815739E-05
-0.35795535E-04    0.99915792E-04   -0.62668706E-04    0.29572173E-04   -0.12814489E-03
-0.67325945E-03   -0.27418269E-03    0.31589898E-03   -0.15786553E-03    0.23880966E-03
 0.39091597E-03    0.25755620E-03    0.62491522E-04    0.14210054E-04   -0.47115167E-04
-0.56366226E-03   -0.16123613E-03    0.94736299E-04   -0.56611389E-03   -0.18650487E-03
 0.17275035E-02    0.19054688E-04   -0.85363544E-04    0.34461967E-03    0.40363395E-03
-0.16221393E-03   -0.91029281E-02    0.90634375E-02   -0.66821181E-02    0.13299088E-04
 0.63339562E-03    0.13211705E-02    0.17302380E-02   -0.24542323E-03   -0.12060686E-03
-0.40828474E-03    0.31388483E-03   -0.42660527E-03   -0.18149405E-04    0.98882375E-04
-0.16518141E-03   -0.64488629E-03   -0.15801476E-02    0.13582735E-02    0.69937049E-02
-0.62359968E-03   -0.52705629E-03   -0.42580176E-03    0.17561182E-04    0.50019924E-05
 0.90679717E-04   -0.84268248E-04    0.22337884E-04   -0.51589054E-04    0.77378883E-05
-0.56967131E-05   -0.22357108E-04    0.29623500E-04   -0.36440607E-04    0.37520448E-05
-0.21339083E-04    0.29997001E-04   -0.71309357E-04    0.76601420E-04   -0.15883027E-03
 0.18099250E-03   -0.11888075E-03    0.55405994E-04   -0.24055596E-03    0.28616206E-03
-0.36943257E-03    0.80830997E-04    0.14611501E-04    0.60415314E-04   -0.33345655E-03
 0.58463615E-04    0.64534546E-04    0.70424720E-04    0.10267961E-03   -0.14151699E-03
 0.12546813E-02   -0.14167367E-02    0.41634477E-03   -0.18032211E-03    0.11889125E-03
-0.72768160E-04   -0.12475519E-03   -0.31388923E-03   -0.26915788E-03   -0.32828058E-04
 0.65650951E-04    0.19529111E-03   -0.46285868E-04   -0.57185697E-03    0.92624918E-03
-0.78362119E-03    0.35796115E-03   -0.69169708E-04   -0.17020866E-04    0.12500203E-02
-0.12269465E-03    0.14717439E-03   -0.54613953E-03    0.19954746E-04   -0.34376950E-04
 0.13472703E-03   -0.12390226E-03   -0.28815227E-04    0.32498566E-04   -0.63172818E-05
-0.64916698E-05    0.28140847E-04   -0.28816035E-04    0.77294170E-04    0.74310656E-05
 0.77988747E-04   -0.15584812E-03    0.96350600E-04   -0.77698041E-04   -0.88149242E-04
-0.10231500E-03    0.83843469E-04   -0.58024425E-04   -0.89250971E-05    0.65167925E-04
 0.20283360E-03   -0.12635756E-03    0.15119643E-03    0.11893662E-03   -0.72908265E-03
 0.75394008E-04   -0.42004384E-04   -0.41539045E-04   -0.16818065E-03    0.74761705E-04
 0.24795391E-02   -0.25222628E-02    0.14076611E-02    0.10422001E-03   -0.31545646E-03
-0.36612117E-03   -0.45758418E-03    0.11446441E-06   -0.16705170E-04    0.10915280E-03
-0.46274609E-04    0.89300375E-04   -0.10192460E-04    0.14099871E-03   -0.11088761E-03
 0.36803697E-03    0.67292183E-03   -0.35230982E-03   -0.82871150E-03   -0.65293689E-04
 0.64977131E-03   -0.67404569E-04   -0.13278335E-03   -0.12834519E-03    0.30135827E-04
 0.36298563E-04    0.83181356E-05   -0.30459985E-05   -0.10466582E-04   -0.28221634E-04
 0.14696364E-04   -0.30401342E-04   -0.69631367E-05   -0.23964845E-04   -0.30937334E-04
 0.92277651E-04   -0.33133735E-04    0.20646096E-04    0.42091254E-04   -0.42044046E-04
-0.31410879E-04    0.40287296E-04   -0.19229205E-04    0.93727186E-04   -0.32491696E-06
 0.38844030E-04   -0.75156328E-04    0.72558971E-04   -0.87207782E-04    0.44436916E-04
-0.56256097E-04    0.29696098E-04    0.12160144E-04   -0.50988151E-04   -0.13370404E-03
-0.87003697E-04    0.58448168E-03   -0.34299107E-03    0.11409556E-02    0.97440798E-04
-0.66919709E-04   -0.28396873E-03   -0.29258259E-03    0.15146535E-03   -0.20217411E-05
 0.31705877E-04    0.17364456E-03    0.44336895E-05   -0.32606025E-04    0.23557289E-04
 0.49307408E-04    0.11888682E-03    0.10244001E-03   -0.45291630E-03   -0.99516018E-03
 0.30465617E-05    0.52837483E-05    0.79851547E-03
