 0.76754916E+00  0.66725975E+00  0.11186455E+01  0.65770322E+00  0.54775184E+00  0.52816230E+00  0.49782094E+00 -0.67816816E-01  0.63644260E+00 -0.49286995E-01
 0.57533944E+00 -0.48984092E-01  0.58309162E+00 -0.28482767E-01  0.60956442E+00  0.19739148E+00 -0.12817228E+00  0.29422498E+00 -0.21277125E+00 -0.78002019E-02
 0.25875427E-01 -0.15285475E-01  0.41213647E-01  0.12078024E+00 -0.22780476E-01 -0.30468317E-01  0.62578009E-04  0.63744187E-01  0.22012098E-01 -0.11274799E+00
-0.11459220E-01  0.13425884E-01 -0.19951386E-01 -0.31261381E-01  0.15087361E-01 -0.65340310E-01  0.68442985E-01 -0.10016520E+00 -0.54694172E-01 -0.85392237E-01
-0.58047835E-01  0.12285343E+00 -0.58812413E-01  0.65497383E-02 -0.10886357E+00 -0.14050332E+00  0.84389821E-01 -0.32871790E-01 -0.42305153E-01 -0.58590811E-01
 0.12603671E-01 -0.77120756E-03 -0.25637311E+00  0.78531735E-01 -0.92972815E-01 -0.53666055E-01  0.77943569E-02  0.40646657E-01  0.13091331E-01 -0.10125984E-01
 0.17942160E+00  0.71536556E-01  0.20822631E+00  0.52701093E-01  0.24590215E+00  0.15937352E+00 -0.95202178E-01  0.24368484E-01 -0.75602613E-03 -0.35950997E+00
-0.61446205E-02 -0.22028573E+00 -0.61028365E-01 -0.17580557E+00 -0.61469372E-01  0.23916057E+00 -0.29451973E-02  0.82948618E-02 -0.44740632E-01  0.99329457E-01
 0.13371100E-01 -0.12743193E+00 -0.78818873E-01 -0.79184426E-02  0.90419188E-01  0.47967532E+00 -0.90215378E-01 -0.20977879E+00  0.33073660E-01  0.63836247E-01
 0.96057191E-01  0.35952590E-01 -0.26095610E-01  0.12948483E+00 -0.11266182E-01 -0.32198963E+00  0.13316268E+00  0.43443453E+00  0.33555336E-01  0.43512441E-01
 0.10322896E-01  0.10224172E+00  0.19392647E+00 -0.20127407E+00  0.48919294E-01 -0.18116361E-01  0.51880911E-01 -0.15135442E+00  0.20722759E+00  0.26844528E+00
 0.84597968E-01  0.24912322E-01 -0.18277141E+00 -0.44605058E+00 -0.16784606E-02  0.26751620E+00  0.34342419E-01  0.67197360E-01 -0.14323917E+00  0.68109157E-02
 0.16404353E+00 -0.13876823E+00  0.87179886E-02 -0.13372229E+00  0.61987832E-01  0.10727940E+00  0.54185246E-02  0.19331132E+00 -0.21824375E-01  0.20277348E+00
 0.30597981E-01  0.67756683E+00 -0.16935755E-01  0.54887414E+00
 0.10184231E+00  0.12056226E+00  0.14128901E+00  0.26278445E-01  0.24084656E-01  0.58996186E-01  0.38177952E-01  0.16595628E-01  0.24961190E-01  0.17535679E-01
 0.28170096E-01  0.29671248E-01  0.39012704E-01  0.28197050E-01  0.57355471E-01  0.14264321E+00  0.10981825E+00  0.10058641E+00  0.26305312E+00  0.95016964E-01
 0.41340180E-01  0.59777390E-01  0.59778489E-01  0.54633588E-01  0.66652201E-01  0.28807219E-01  0.65929508E-02  0.68969198E-01  0.85937969E-01  0.32260469E+00
 0.81608519E-01  0.23403516E-01  0.23477102E-01  0.55065807E-01  0.60344260E-01  0.57564292E-01  0.71104057E-01  0.58845170E-01  0.60843594E-01  0.72224975E-01
 0.56908045E-01  0.68947792E-01  0.27555238E-01  0.63505387E-02  0.74413210E-01  0.30419547E-01  0.46024460E-01  0.45620661E-01  0.43164626E-01  0.50185684E-01
 0.20555817E-01  0.48129642E-02  0.52697659E-01  0.66438973E-01  0.18693466E+00  0.55393979E-01  0.16969115E-01  0.20578202E-01  0.42847704E-01  0.44371329E-01
 0.43071590E-01  0.50474267E-01  0.44236384E-01  0.43702684E-01  0.58438089E-01  0.42497478E-01  0.54903649E-01  0.16998485E-01  0.47007692E-02  0.16779098E+00
 0.46764318E-01  0.37531964E-01  0.39989084E-01  0.39798472E-01  0.39249621E-01  0.46918433E-01  0.19773467E-01  0.48739873E-02  0.63030884E-01  0.65321393E-01
 0.19896398E+00  0.56086328E-01  0.16390299E-01  0.16148824E-01  0.37362099E-01  0.43045040E-01  0.46893977E-01  0.49727600E-01  0.51635709E-01  0.43816905E-01
 0.66773877E-01  0.47726996E-01  0.49706940E-01  0.22507312E-01  0.39304807E-02  0.63519114E+00  0.35257640E+00  0.31036723E+00  0.91869593E-01  0.11452612E+00
 0.82111582E-01  0.10604259E+00  0.11860921E+00  0.11035592E+00  0.46866264E-01  0.98949121E-02  0.15112549E+00  0.11809292E+00  0.33543456E+00  0.13051715E+00
 0.42589746E-01  0.38139679E-01  0.86774796E-01  0.16576478E+00  0.11637983E+00  0.11811902E+00  0.14661531E+00  0.10343055E+00  0.16815561E+00  0.11501856E+00
 0.14256242E+00  0.76790102E-01  0.96527971E-02  0.75927839E-01  0.45388408E-01  0.10469437E+00  0.85648395E-01  0.71397752E-01  0.40066898E-01  0.34260411E-01
 0.13322730E+00  0.77874318E-01  0.26550969E-01  0.33984832E-01
 0.13400000E+03 -0.27654823E+05  0.11888494E+01 -0.27521754E+05  0.11152103E+01  0.55577647E+05  0.56394212E+05  0.55968434E+05  0.25091077E+03  0.18100000E+03
 0.45044122E-03  0.10606930E+01  0.98520452E+00  0.97588581E+00  0.10861590E-01  0.73743365E-02  0.13969540E-01  0.10000000E+01  0.21901958E-01  0.17440837E-05
