 0.75855595E+00  0.64673460E+00  0.10617529E+01  0.71095479E+00  0.65067375E+00  0.54428995E+00  0.54201329E+00  0.49386370E+00 -0.23625311E-01  0.54967058E+00
-0.62864184E-01  0.63480604E+00 -0.49965367E-01  0.57766610E+00 -0.50248384E-01  0.58915025E+00 -0.29247833E-01  0.60690206E+00  0.22695936E-01  0.12199171E-01
 0.69572097E+00 -0.15560740E-01 -0.30254096E-01  0.89100081E+00 -0.21779230E-02 -0.28100217E-01  0.10416071E+01  0.56482982E-01 -0.22719501E-01  0.12083417E+01
-0.16166779E+00  0.36467377E-01  0.15770737E+01 -0.15545100E+00  0.22505137E+00  0.22856699E+00 -0.15340799E+00  0.19794425E+00 -0.20197898E+00 -0.13480254E+00
 0.91416575E-01 -0.35302702E-01 -0.39451107E-01 -0.68885393E-01  0.52725170E-02  0.81336295E-03 -0.24566428E+00  0.11591727E+00 -0.11113058E-01 -0.75101845E-01
 0.22138270E-01  0.42257477E-01  0.69593475E-02 -0.45659605E-01  0.17603371E+00  0.11279540E+00  0.24909137E+00 -0.43931277E-02  0.29220602E+00  0.15402859E+00
-0.11643884E+00  0.18115254E-01 -0.22976194E-02  0.19407172E-01 -0.16327752E-01  0.40853418E-01  0.11786275E+00 -0.17940838E-01 -0.21290785E-01 -0.34154402E-02
 0.57235863E-01  0.49290815E-02 -0.29167163E+00  0.12738700E-01  0.11383813E-01 -0.25127964E-01 -0.24106527E-01  0.45866843E-01 -0.59027441E-01  0.23690164E-01
-0.12262649E+00 -0.86447289E-02 -0.12723805E+00 -0.68722852E-01  0.13906568E+00 -0.57101171E-01  0.84723895E-02 -0.37523142E+00 -0.22453692E-01 -0.21986815E+00
-0.69235876E-01 -0.17232780E+00 -0.56913473E-01  0.24370281E+00  0.81103295E-02  0.60051875E-02 -0.39428595E-01  0.10307572E+00  0.15240647E+00 -0.13635918E+00
-0.66571571E-01 -0.18897088E-02  0.99376805E-01  0.47981507E+00 -0.96302852E-01 -0.19250107E+00  0.43172099E-01  0.59007514E-01  0.91783792E-01  0.40998239E-01
-0.25431594E-01  0.13353597E+00 -0.13074729E-01  0.17162026E+00 -0.26327938E+00  0.46532804E+00  0.95839575E-01 -0.38430288E-01  0.46686765E-01  0.12956894E-01
 0.97505212E-01  0.16364083E+00 -0.22306381E+00  0.32100651E-01 -0.15377518E-01  0.48931774E-01 -0.15557851E+00 -0.90731137E-01  0.33470038E+00  0.63958712E-01
 0.25172876E-01 -0.18682681E+00 -0.46371266E+00  0.16383706E-01  0.28972021E+00  0.87953154E-02  0.77197738E-01 -0.11772200E+00  0.89876931E-02  0.16116008E+00
-0.14781758E+00  0.97394558E-02 -0.60738403E-01  0.27596449E-01 -0.90700321E-01  0.28259473E-01 -0.25770333E-01  0.15808316E-01 -0.44901194E-02  0.81900991E-02
-0.24812846E-01  0.38088119E+00 -0.81772283E-02 -0.13750328E-01 -0.15198758E-01  0.39420789E-02 -0.31598393E-01 -0.78395111E-02 -0.53022970E-01 -0.56616165E-01
 0.46869084E-01 -0.10946021E-01  0.25256064E-01 -0.79190791E-01  0.23558307E-01 -0.25885648E-02  0.27184445E-01 -0.19586982E-01  0.70918202E-01 -0.38708657E-01
 0.41275017E-01 -0.54613017E-01  0.99018356E-02  0.15747879E+00 -0.20748463E-01 -0.50842375E+00  0.16570540E+00  0.68851593E-02  0.11444294E-01 -0.22099229E-01
 0.18193187E-01 -0.39409168E-01  0.12538333E+00  0.73661111E-01  0.12959282E+00  0.12103225E+00  0.11191604E+00  0.11470138E+00 -0.59353888E-01  0.21457928E-02
 0.22003299E+00  0.67585660E-02  0.96083134E-01 -0.21575358E-01  0.20470531E+00  0.35507714E-02 -0.54646105E-01 -0.24075627E-01  0.29303518E+00  0.26218621E-01
 0.12390526E-01  0.30646606E-02 -0.12023200E+00  0.60732216E+00
 0.11558965E+00  0.12184621E+00  0.15259616E+00  0.85695803E-01  0.26864087E-01  0.23853980E-01  0.59875574E-01  0.39190158E-01  0.27418606E-01  0.34107763E-01
 0.17013246E-01  0.25619602E-01  0.17768323E-01  0.28896829E-01  0.30037373E-01  0.39203510E-01  0.29158290E-01  0.59624333E-01  0.53276643E-01  0.31574856E-01
 0.81996515E-01  0.27309576E-01  0.21817058E-01  0.85129291E-01  0.35733730E-01  0.28995043E-01  0.10833143E+00  0.58573313E-01  0.41318372E-01  0.18291347E+00
 0.63759349E-01  0.51302329E-01  0.28360915E+00  0.11797674E+00  0.15331322E+00  0.10624871E+00  0.29842073E+00  0.11182504E+00  0.23554219E+00  0.31447049E-01
 0.48522968E-01  0.47387868E-01  0.45590833E-01  0.54446846E-01  0.23428582E-01  0.55518858E-02  0.54815188E-01  0.70758834E-01  0.20065157E+00  0.61693054E-01
 0.18006239E-01  0.21462943E-01  0.45712389E-01  0.47314197E-01  0.45073245E-01  0.54821629E-01  0.47066923E-01  0.46499796E-01  0.60025197E-01  0.45622334E-01
 0.57452202E-01  0.18136822E-01  0.49559139E-02  0.43034926E-01  0.63692443E-01  0.62527597E-01  0.57536535E-01  0.71632437E-01  0.31510167E-01  0.72949203E-02
 0.71568139E-01  0.92647240E-01  0.34520274E+00  0.88895872E-01  0.24772599E-01  0.24620013E-01  0.58460608E-01  0.63484453E-01  0.59759643E-01  0.78221589E-01
 0.62974639E-01  0.63962981E-01  0.75569116E-01  0.61406020E-01  0.71374327E-01  0.29038569E-01  0.68211132E-02  0.16833816E+00  0.11721441E+00  0.39185319E-01
 0.41373234E-01  0.43183208E-01  0.40087674E-01  0.48546795E-01  0.20935932E-01  0.52336450E-02  0.63235343E-01  0.67992695E-01  0.26709017E+00  0.59100963E-01
 0.16426843E-01  0.16223313E-01  0.38139764E-01  0.44880927E-01  0.46785463E-01  0.54257255E-01  0.55258058E-01  0.44530038E-01  0.72765231E-01  0.48764780E-01
 0.54480381E-01  0.23172917E-01  0.40912684E-02  0.33388582E+00  0.74543661E+00  0.30895829E+00  0.20289046E+00  0.14346167E+00  0.11229348E+00  0.84755182E-01
 0.11070351E+00  0.12849876E+00  0.11218351E+00  0.46777692E-01  0.10793529E-01  0.14753744E+00  0.12546334E+00  0.48481345E+00  0.13628873E+00  0.39208386E-01
 0.42412583E-01  0.87980628E-01  0.16925666E+00  0.11564170E+00  0.11886334E+00  0.17867033E+00  0.92814535E-01  0.20849453E+00  0.12275605E+00  0.16723375E+00
 0.81861734E-01  0.11243938E-01  0.34900844E-01  0.44541206E-01  0.41715972E-01  0.40394943E-01  0.53065527E-01  0.20616744E-01  0.51972806E-02  0.53551469E-01
 0.48361924E-01  0.18402411E+00  0.66556878E-01  0.17981831E-01  0.18401304E-01  0.41242130E-01  0.45767561E-01  0.41920643E-01  0.54540399E-01  0.34328993E-01
 0.63859947E-01  0.40391263E-01  0.46140209E-01  0.51509421E-01  0.22048714E-01  0.45404132E-02  0.75293310E-01  0.93169764E-01  0.82834452E-01  0.79308704E-01
 0.10947435E+00  0.44459045E-01  0.10535188E-01  0.10071439E+00  0.11726785E+00  0.48951986E+00  0.18538652E+00  0.39592553E-01  0.42372577E-01  0.83377771E-01
 0.96208155E-01  0.88934645E-01  0.10777493E+00  0.77731632E-01  0.11577056E+00  0.96373491E-01  0.95337734E-01  0.10759775E+00  0.44398867E-01  0.85105738E-02
 0.78994215E-01  0.98708011E-01  0.12585817E+00  0.44708822E-01  0.35397962E-01  0.13615553E+00  0.50292693E-01  0.68177849E-01  0.74663006E-01  0.94103031E-01
 0.11642721E+00  0.46219304E-01  0.10441344E+00  0.24654394E+00
 0.20400000E+03 -0.41775815E+05  0.14610719E+01 -0.41569830E+05  0.12575925E+01  0.83959630E+05  0.85195464E+05  0.84547271E+05  0.36949680E+03  0.29100000E+03
 0.12343483E-02  0.11149471E+01  0.98317727E+00  0.97311832E+00  0.92406958E-02  0.60186986E-02  0.11975702E-01  0.10000000E+01  0.23252904E-01  0.12203875E-05
