 0.13993431E-02    0.53424546E-03    0.13206648E-02    0.50159048E-03    0.72611411E-03
 0.19805367E-02    0.13705721E-04   -0.12588796E-04    0.17288998E-04    0.11426662E-03
 0.18227973E-04   -0.35772132E-04   -0.16526051E-04   -0.39560415E-05    0.11338437E-03
-0.39630427E-04   -0.49163687E-04   -0.24076112E-03   -0.11741274E-04   -0.12915921E-04
 0.18033410E-03    0.11191513E-03    0.14595374E-03    0.24043853E-03   -0.12084359E-04
-0.81410413E-06   -0.49013886E-04    0.23700267E-03    0.60294572E-05    0.74141790E-05
 0.92237595E-06    0.15296332E-04    0.33460534E-06   -0.26587130E-06   -0.25398745E-05
 0.80368428E-04    0.23143091E-05    0.21406099E-04    0.43079337E-05    0.84962332E-05
-0.48688751E-06   -0.15383759E-05   -0.30510916E-05    0.31590214E-04    0.17409537E-03
-0.66296462E-05   -0.93276882E-05    0.16701472E-04    0.14578140E-05    0.25121117E-04
 0.41894635E-07    0.54475810E-05   -0.13397226E-05   -0.14601513E-05    0.70168707E-04
-0.79108652E-05    0.22599857E-04   -0.45191356E-05    0.38631071E-05    0.22198431E-06
 0.76364034E-05   -0.86140400E-06    0.55159150E-05   -0.95460836E-05    0.27577474E-04
 0.17371150E-03   -0.14087631E-05   -0.20680479E-05   -0.10768316E-04   -0.77063871E-05
 0.34388823E-05    0.28027033E-04    0.40206545E-05   -0.23615738E-05    0.17181155E-06
-0.24858827E-05   -0.19232931E-06    0.89801687E-04   -0.17434908E-04    0.43843191E-06
 0.15415117E-04   -0.27162122E-05    0.35673973E-06    0.93641927E-05    0.10058702E-06
-0.13668356E-05   -0.11202273E-04    0.45514499E-05   -0.16204186E-04    0.31547511E-04
 0.17923109E-03   -0.74105801E-06   -0.36637111E-04   -0.17717422E-04   -0.57749777E-05
 0.10354886E-04   -0.27692297E-05    0.20693792E-04   -0.93792337E-06   -0.48466482E-05
-0.79210004E-05   -0.35601711E-05   -0.76351265E-05    0.24456732E-05    0.12208151E-03
 0.14494257E-04   -0.26052070E-05    0.74800309E-05    0.17750275E-05    0.69665043E-05
 0.44980288E-05    0.16805031E-04    0.10200081E-04   -0.19580903E-04   -0.34622535E-05
-0.10177159E-04    0.11757233E-04   -0.23332682E-04    0.30121286E-04    0.29708947E-03
 0.42355067E-04    0.11081113E-04   -0.98092685E-04   -0.73101410E-05    0.21578503E-04
 0.17239167E-04   -0.26766555E-04   -0.49848624E-05   -0.13672504E-04   -0.11202503E-05
 0.11965973E-04   -0.10283152E-04    0.44040398E-04    0.25284869E-04   -0.52942529E-05
 0.14325506E-02   -0.34605361E-04   -0.45310241E-04    0.23184476E-03    0.12250600E-04
-0.43054700E-05   -0.43708216E-05    0.22577526E-04    0.11839879E-04   -0.28274671E-04
 0.11428726E-04    0.19767687E-04   -0.79829994E-05   -0.40514693E-04   -0.11020043E-04
-0.12962477E-04   -0.38815990E-03    0.18609280E-02   -0.11375342E-03   -0.13873225E-03
-0.68762129E-04    0.20525589E-04    0.11525853E-04   -0.21703892E-05   -0.10347969E-04
-0.75212971E-05   -0.83801490E-05    0.74499663E-05   -0.30177071E-04    0.24992331E-05
 0.18419524E-04    0.22242615E-05    0.43305062E-04   -0.17886827E-03    0.12502947E-03
 0.17913346E-02    0.67779912E-04    0.51277121E-04    0.60381220E-04   -0.43140853E-05
 0.90662455E-05   -0.97030706E-05    0.31372831E-04   -0.14277130E-04    0.11466593E-04
 0.14303249E-04    0.32520026E-04   -0.47421034E-05   -0.24101005E-04   -0.24081722E-04
-0.32844376E-04    0.10233559E-03   -0.14453999E-03   -0.75059199E-03    0.19756967E-02
 0.19695146E-03   -0.19945603E-04   -0.24509803E-03   -0.77929649E-05    0.34781588E-04
 0.45321933E-04   -0.44986633E-04    0.27209451E-04    0.12617408E-04   -0.16577165E-05
 0.98349381E-06    0.31716187E-05   -0.24469540E-04   -0.11346195E-04    0.35237118E-05
 0.58025817E-04   -0.13632609E-03   -0.35733407E-04   -0.29144362E-03    0.17024138E-02
-0.16724584E-03    0.16721035E-03    0.51459399E-04    0.72560827E-05   -0.24598570E-04
-0.83947524E-05   -0.12955914E-04    0.97882356E-05    0.18459610E-04   -0.83602171E-05
 0.29722102E-04    0.26758071E-05   -0.98218360E-05   -0.23737948E-04    0.17099461E-04
-0.84140264E-03    0.27609916E-03    0.11950191E-03   -0.76024577E-04    0.26736316E-04
 0.20133830E-02    0.26336260E-03    0.18431858E-03   -0.36518244E-04   -0.72813845E-05
-0.22594342E-04    0.25678791E-04    0.68344330E-04   -0.10470719E-05    0.15957326E-04
 0.11638112E-04   -0.15275408E-04    0.60657547E-05   -0.28046749E-04    0.27270122E-04
-0.27687571E-04   -0.74737231E-03    0.16425198E-03    0.10790540E-03   -0.46173799E-04
-0.38843966E-04   -0.90548141E-04    0.19864318E-02    0.15145711E-03    0.31645278E-04
-0.63788008E-05    0.55265823E-05    0.16027269E-04    0.28050466E-05    0.98845749E-05
-0.20598269E-04   -0.25108382E-04   -0.36014123E-06   -0.20219954E-04    0.15010971E-05
-0.38906988E-04   -0.41790418E-04   -0.12524981E-04   -0.85020816E-03    0.17285818E-03
 0.10773129E-03    0.84984047E-05   -0.14001377E-05    0.26971561E-03   -0.62994945E-06
 0.20320339E-02   -0.16304740E-03   -0.16472203E-04    0.14882245E-03    0.90897730E-05
-0.12850498E-04   -0.23065272E-04    0.22038236E-05   -0.28875511E-04    0.86389925E-05
 0.26130497E-05    0.13288135E-04    0.83832340E-05    0.78197216E-05    0.70400693E-05
 0.16128888E-04   -0.60779008E-04    0.12710662E-03    0.51557803E-04    0.24858359E-03
-0.11594683E-02    0.80077713E-05    0.29524780E-04   -0.57567735E-04    0.14449293E-02
 0.35843862E-04   -0.10292401E-03   -0.17086538E-03   -0.48895656E-05   -0.13043498E-04
 0.86781615E-05   -0.36179160E-04   -0.25607090E-04   -0.39239244E-05   -0.56711576E-05
-0.36673971E-04   -0.18003614E-04    0.25801915E-04    0.33679026E-05   -0.49422314E-04
 0.24908768E-03   -0.10722357E-02   -0.12912782E-03    0.29315208E-04   -0.67597954E-04
-0.55004074E-03    0.10588854E-03   -0.12806253E-03    0.63920797E-04    0.21830391E-02
-0.17521019E-03    0.24510181E-04   -0.16736537E-03   -0.61017689E-05    0.11544627E-04
 0.83884848E-05   -0.16973212E-04    0.67737769E-05    0.11924491E-04   -0.28968471E-04
-0.26807626E-04    0.16568287E-05   -0.67979133E-05   -0.62174191E-05    0.38176874E-04
 0.15884671E-03   -0.97837295E-03   -0.63425393E-05    0.35033804E-04    0.12348867E-03
-0.61157640E-05   -0.65028304E-03    0.18939394E-03   -0.15140687E-03    0.89639656E-04
 0.23299317E-02    0.11097636E-03    0.70266161E-04   -0.18590724E-04    0.66415577E-06
 0.83245299E-05   -0.32425458E-04   -0.16205297E-05   -0.19579261E-05    0.21015061E-04
-0.44747237E-05    0.32019730E-04    0.21873645E-04    0.52933732E-04   -0.39502378E-05
 0.31414882E-04    0.25594391E-03   -0.10982601E-02   -0.83700573E-04    0.13877744E-03
 0.24179186E-04   -0.11816061E-03    0.65040639E-04   -0.53444189E-03    0.21479523E-04
 0.25643557E-03   -0.23743734E-04    0.23865440E-02   -0.14968579E-04    0.87840118E-04
-0.15713271E-03    0.28855568E-05    0.27224362E-04   -0.31774932E-05   -0.25881769E-04
 0.13541227E-04    0.10366115E-04    0.87868814E-05    0.11281704E-04    0.85942077E-06
-0.15053115E-05   -0.35013389E-04    0.11562712E-05    0.16107769E-04    0.27913808E-04
 0.53099230E-04   -0.29512953E-05    0.59961729E-04   -0.40552621E-04    0.15962228E-04
 0.93958947E-04   -0.67640283E-05   -0.14145480E-03    0.12730917E-03   -0.67413664E-04
 0.16590575E-02   -0.28664781E-04   -0.23832560E-04    0.13628506E-03   -0.65327097E-05
-0.84627601E-05   -0.40640435E-04    0.12127892E-04   -0.78875386E-06    0.45276645E-05
-0.83651604E-05    0.14211455E-05    0.29690339E-06    0.49956859E-05   -0.24305194E-04
 0.85014219E-05   -0.52423021E-05    0.36357715E-04   -0.11409776E-04    0.11105546E-03
-0.30941491E-03    0.56822147E-04   -0.50676202E-04   -0.12594831E-03    0.27210336E-03
 0.27526200E-04   -0.60195763E-04    0.65588827E-04   -0.23495646E-03    0.10292405E-02
 0.57255214E-04    0.44919334E-04   -0.54616027E-04   -0.16154210E-04   -0.28846349E-04
 0.23658665E-04   -0.51225683E-04    0.11379096E-04    0.72205072E-05   -0.67536755E-05
 0.89489416E-05   -0.72207243E-05    0.21200189E-04    0.95590176E-05   -0.41131124E-04
 0.16504410E-03   -0.99477226E-04   -0.10473642E-02    0.43394619E-03   -0.13220200E-04
-0.16385198E-03   -0.31739670E-04   -0.13907880E-03    0.39077336E-04    0.25677551E-03
-0.11238152E-03    0.12977786E-03   -0.18214535E-03    0.32178676E-04    0.22286164E-02
 0.73356860E-04    0.65822667E-04    0.89956122E-04   -0.24428076E-04    0.45542867E-05
 0.31471625E-05    0.30116339E-04   -0.11855552E-04   -0.40436812E-04   -0.14738113E-04
 0.46985868E-04   -0.75169760E-05   -0.17941984E-04   -0.56451402E-05   -0.10794705E-04
 0.82885675E-04   -0.61232094E-04   -0.10898688E-02    0.44074753E-03    0.42850939E-04
-0.74141051E-04   -0.30548196E-03    0.40382874E-04   -0.10265278E-03    0.44873344E-04
 0.21112639E-03   -0.16264992E-04   -0.98606443E-04    0.40015665E-04    0.17386713E-03
 0.23082933E-02    0.21329758E-04    0.59544836E-04    0.54787010E-04   -0.46705782E-04
-0.31628822E-04   -0.15748526E-04    0.12035039E-04   -0.10065702E-04    0.15282159E-04
 0.38896885E-05    0.38189544E-04    0.14725232E-04   -0.37641325E-04   -0.96595028E-06
-0.18889446E-04    0.34957531E-04   -0.10520693E-03   -0.93103610E-03    0.37673512E-03
-0.66989221E-04   -0.19078095E-04    0.65523323E-04   -0.17145423E-03    0.49613580E-04
 0.12592803E-03   -0.56465897E-04    0.17707405E-03   -0.13543530E-04    0.42858188E-04
 0.12450430E-03    0.10990490E-03    0.20710701E-02   -0.20687654E-03    0.37274761E-03
-0.44886315E-03    0.12198276E-03    0.38775422E-04   -0.61316070E-04   -0.83099183E-04
 0.65876044E-04   -0.80250388E-05    0.82444997E-04    0.12561263E-03   -0.37757406E-04
-0.33943166E-04   -0.19510972E-03   -0.11522191E-03    0.90946536E-04   -0.46694827E-04
 0.80646816E-04   -0.24936772E-04    0.33322354E-03    0.95252177E-05   -0.99647232E-04
-0.43469910E-04   -0.92125282E-04   -0.27842956E-03    0.14473239E-03    0.83292269E-05
 0.14992720E-02   -0.26075431E-03   -0.18884112E-03   -0.11684520E-03   -0.26822414E-04
 0.80307943E-02    0.63505246E-05   -0.27687228E-03    0.17010206E-03   -0.43694477E-04
-0.29346636E-04    0.51324757E-04    0.55013614E-04   -0.50419779E-04   -0.11365639E-04
-0.55931409E-04   -0.96667785E-04    0.18073913E-04    0.27319459E-05    0.95495897E-04
 0.10222370E-03   -0.25101811E-05   -0.96965937E-04   -0.10721226E-04    0.60932332E-04
-0.16250386E-03    0.15721328E-04   -0.17610237E-04   -0.11954968E-03    0.33259792E-04
 0.21606763E-03    0.11909951E-03    0.13858551E-04   -0.14059040E-02    0.20668263E-03
 0.11064581E-03    0.20562113E-03   -0.72979821E-04   -0.38489067E-02    0.34629280E-02
 0.31095500E-04   -0.56701492E-04    0.22937998E-03   -0.17108290E-04   -0.16124292E-04
 0.25367622E-04    0.28654580E-04   -0.80303117E-05   -0.36862048E-06   -0.36641288E-04
-0.64265868E-04    0.13818156E-04   -0.14027951E-04    0.76507307E-04    0.19637652E-03
-0.81408430E-04   -0.41753374E-04   -0.98804222E-04    0.16412977E-04   -0.10047130E-04
 0.11465583E-03   -0.52275366E-06   -0.81128590E-04    0.31966834E-04    0.41293894E-04
 0.25576010E-04   -0.11710547E-04   -0.60194858E-03    0.83125481E-04    0.52578922E-04
 0.31569130E-03   -0.27216627E-04   -0.16276168E-02    0.16517859E-02    0.25902724E-02
-0.32124912E-03    0.50901180E-04    0.29275708E-03   -0.38936495E-04   -0.50533439E-04
-0.24273502E-04    0.56623688E-04    0.90059141E-05   -0.95591315E-05   -0.31433527E-04
 0.30316271E-04    0.23737265E-04    0.23510837E-04    0.97351702E-05    0.44048825E-04
 0.28642868E-04    0.10989510E-03    0.23304034E-04   -0.65471344E-04   -0.65220821E-03
 0.27041787E-04    0.65371227E-04   -0.20304407E-03    0.62084917E-03    0.12567490E-03
 0.36618712E-04   -0.16636911E-03   -0.32178676E-03    0.20075397E-03    0.55057067E-04
-0.16965322E-04    0.57290158E-04   -0.12141703E-02    0.69746773E-03    0.40690839E-03
 0.29425462E-02   -0.74041970E-04   -0.40102701E-04   -0.18423065E-03    0.21062688E-04
 0.18805804E-04    0.14987943E-04   -0.54825334E-04    0.25679480E-04    0.13884159E-04
 0.79621715E-05   -0.16973065E-06   -0.11016552E-04   -0.19600619E-04   -0.19702753E-05
-0.35497079E-04   -0.99435493E-04    0.59552680E-04    0.14273492E-03   -0.19062735E-03
 0.36611215E-03   -0.53364975E-04    0.10395773E-03    0.17082719E-03   -0.25473839E-03
-0.68554554E-04   -0.20505113E-04   -0.84432736E-04    0.18357635E-03   -0.88938218E-03
-0.87339034E-04   -0.16360833E-03   -0.84678304E-04    0.47883313E-03   -0.55158623E-03
-0.58483997E-03   -0.30433194E-03    0.16919047E-02   -0.14209142E-05    0.32647998E-04
 0.10793403E-04    0.80047353E-05    0.19338128E-04    0.21459394E-04   -0.12631492E-04
-0.19313943E-05   -0.93271935E-05    0.17134669E-04   -0.78607200E-05   -0.55005716E-05
 0.59275692E-05    0.12874073E-04    0.48978876E-04   -0.29062108E-04    0.96964108E-04
 0.38556739E-03   -0.10710190E-02    0.92067736E-05    0.16321397E-03   -0.32420595E-04
-0.11134181E-04   -0.24234644E-04   -0.17471981E-03    0.10174033E-03   -0.15342344E-03
 0.10148899E-04   -0.53377614E-04   -0.97582139E-03    0.18115526E-05    0.32686566E-04
 0.12502338E-04   -0.38935208E-04    0.15399605E-03   -0.14622298E-04    0.41408405E-05
 0.26024049E-02    0.40878548E-04    0.38383958E-05   -0.58398351E-04   -0.13437526E-04
-0.12960206E-04    0.24560517E-04   -0.78321567E-05   -0.90289977E-05    0.83584219E-05
-0.17816428E-04   -0.27648060E-04    0.40711875E-05   -0.66697409E-05    0.31439260E-04
 0.66839802E-05   -0.72851579E-04    0.94121475E-04    0.53021959E-03   -0.11146418E-02
 0.41140094E-05    0.38753120E-04    0.34342613E-03   -0.92112675E-04    0.13383010E-05
 0.96127152E-04   -0.25621355E-03   -0.13997026E-03    0.54344912E-04   -0.50653753E-04
-0.10154491E-03   -0.10117724E-02   -0.21143158E-04   -0.31005760E-03    0.13022299E-03
-0.88558644E-04    0.15422274E-04    0.82374467E-04    0.53016294E-05    0.26885519E-02
-0.72102935E-04    0.10803762E-04   -0.28556300E-04    0.29203120E-04    0.17884709E-04
-0.21564084E-05   -0.44513967E-04    0.24958304E-04   -0.17394390E-04    0.13665610E-04
-0.51754315E-05    0.12529946E-04    0.54623590E-04   -0.93162891E-05   -0.60852512E-05
-0.35458098E-04    0.16146932E-03    0.34062723E-03   -0.10044946E-02   -0.50445731E-04
 0.11063663E-04   -0.50068889E-04    0.20619367E-03    0.24206266E-04   -0.11991768E-03
-0.32189735E-04   -0.14493749E-03    0.70066853E-04   -0.41183191E-04   -0.48513293E-04
-0.73425226E-04   -0.80512908E-03    0.75430685E-03   -0.46248360E-03   -0.21453243E-03
-0.22590637E-04    0.10480743E-03    0.23932059E-03   -0.61559426E-04    0.23862799E-02
 0.19139547E-03    0.22238268E-04   -0.15339309E-03   -0.14505921E-04    0.26357629E-04
 0.29123432E-04   -0.15632946E-04    0.15028669E-04   -0.70778340E-05    0.35121775E-05
-0.94079282E-05   -0.95660079E-05   -0.32810503E-04   -0.11297586E-04   -0.63511843E-05
-0.25215099E-05   -0.75446480E-04   -0.14219478E-04   -0.21631879E-03    0.12205821E-02
 0.17333181E-04    0.18110545E-04    0.86001684E-04   -0.10470628E-02   -0.62970536E-04
 0.10956127E-03   -0.81112183E-05    0.38573912E-04   -0.27228518E-03   -0.38018385E-04
 0.72520526E-04   -0.36826691E-04    0.25520037E-03   -0.18742157E-03   -0.61857447E-04
-0.62081028E-03    0.33996554E-03    0.42768693E-04   -0.42143978E-04   -0.84233294E-04
 0.12533453E-02   -0.59520599E-04   -0.85444297E-05   -0.67825771E-04    0.10869173E-04
 0.58374175E-05    0.11981626E-04   -0.12965279E-04    0.26460208E-06   -0.10323987E-05
 0.75509437E-05   -0.12278973E-04   -0.44696112E-05   -0.11998234E-04    0.10906417E-04
-0.11590687E-04   -0.53276440E-04    0.31440119E-04    0.77038461E-04   -0.10015389E-03
 0.39603820E-04   -0.12112600E-04    0.71678474E-04    0.73664842E-04   -0.16093857E-04
-0.13002295E-04   -0.15157781E-04   -0.52026926E-04   -0.12595945E-04   -0.54703268E-03
-0.25180380E-04   -0.75185677E-04   -0.40483695E-04    0.95097242E-04    0.31093621E-04
 0.59809711E-05   -0.34204255E-04    0.78808990E-03    0.17228349E-04    0.73526946E-04
 0.37388468E-04    0.85640653E-04    0.70927548E-03    0.19571189E-03   -0.15766832E-03
-0.10720603E-02    0.41205767E-04    0.31610510E-04    0.50028899E-04   -0.16753689E-03
-0.62217044E-05    0.17932781E-05   -0.69889677E-05    0.92562674E-05   -0.37926572E-04
-0.39593371E-04   -0.12657526E-04   -0.32816080E-04    0.97201121E-04   -0.12292816E-03
-0.85733090E-05    0.54544538E-05    0.35273146E-03   -0.17197045E-03    0.32001131E-04
 0.87950446E-04   -0.26058692E-03    0.86236736E-04    0.16372596E-04   -0.72948682E-05
 0.41518000E-03   -0.16917726E-03   -0.92121842E-04    0.90815189E-04   -0.83919488E-04
 0.15799841E-02   -0.78975064E-03   -0.32752311E-03   -0.11210141E-02    0.22076130E-03
-0.66108296E-05    0.27742209E-04    0.18214026E-04    0.28160193E-03    0.33011948E-04
 0.23334848E-02   -0.49932016E-03   -0.25734581E-03    0.18586211E-03   -0.26810979E-04
-0.25167569E-04    0.19041274E-04    0.34068710E-04   -0.14007167E-04   -0.13914551E-04
-0.98383946E-06   -0.13087608E-04    0.16117776E-04    0.55345730E-05    0.25639085E-04
 0.12078309E-04   -0.77765167E-04    0.10061572E-03    0.45083972E-04    0.27341842E-04
-0.23019326E-03    0.15884584E-03   -0.69905754E-04   -0.82886087E-04    0.17181579E-03
 0.42434242E-04   -0.38635670E-04    0.13069423E-04   -0.45428948E-03    0.98069744E-04
 0.12435725E-03   -0.97190218E-04    0.15442564E-04   -0.11783808E-02    0.73215634E-03
 0.17116848E-03    0.77450882E-03   -0.67932092E-04   -0.53189884E-04   -0.36372888E-04
-0.75368003E-04   -0.18239640E-03    0.18575438E-04   -0.11873625E-02    0.12833573E-02
 0.26990023E-03    0.11013133E-03   -0.18392505E-03    0.79743381E-05    0.31036468E-04
-0.10993424E-04   -0.59824308E-04    0.39059215E-05    0.92541616E-05    0.10982119E-04
 0.19458563E-04    0.51499032E-05    0.65820097E-05   -0.41283803E-05   -0.37996771E-04
 0.58333395E-04    0.55366927E-04    0.27346840E-04   -0.10362352E-03    0.53652206E-04
-0.79383177E-04   -0.33550335E-05    0.77762755E-04   -0.22848487E-04   -0.16708373E-03
-0.54867126E-04   -0.51817768E-04    0.57952184E-03   -0.24517437E-04   -0.10053361E-03
 0.14363904E-04   -0.42371648E-04    0.85278028E-03   -0.67487549E-03   -0.11294047E-03
-0.44600239E-03   -0.14079492E-04   -0.50129028E-05    0.71468499E-04    0.15643253E-03
 0.22006554E-04   -0.65529182E-04    0.79972359E-03   -0.88389777E-03    0.16127324E-02
-0.13834026E-04   -0.18188475E-03    0.16592727E-03   -0.22488872E-04   -0.22166831E-04
 0.24980765E-05    0.15825042E-04   -0.97686656E-05    0.54547061E-05   -0.15798102E-04
-0.18605099E-04    0.72099057E-05    0.15789340E-04    0.30687808E-04    0.17739713E-04
-0.57073957E-04    0.15086748E-04    0.40704094E-04   -0.17524179E-04   -0.12141492E-03
-0.29299881E-04    0.29752190E-04   -0.12613220E-04    0.71144004E-04    0.70856673E-04
-0.61580464E-04    0.37765384E-04   -0.64330591E-03    0.13171147E-03   -0.66351382E-05
-0.45667884E-04    0.45045534E-04   -0.17410345E-02    0.94093028E-03    0.46720386E-03
 0.40030995E-03   -0.12516097E-03    0.20165415E-04    0.81491532E-04   -0.12725404E-03
-0.86685746E-04   -0.36292946E-04   -0.49366717E-03    0.42459659E-03   -0.35676393E-03
 0.85461678E-03    0.63335680E-04    0.66260927E-04   -0.95145946E-04    0.73169425E-05
 0.10285628E-04    0.93668242E-06   -0.11877370E-04    0.42671948E-05   -0.17838595E-04
 0.99364211E-05    0.27765736E-04   -0.83468355E-05    0.59986028E-05   -0.34288884E-04
-0.52933190E-04    0.86804729E-04    0.66003771E-06    0.11141902E-03   -0.49747060E-04
 0.43017846E-04   -0.10447083E-03   -0.40417641E-04    0.79170624E-04   -0.12876273E-04
-0.55236753E-04   -0.14312200E-04   -0.69035958E-05    0.38126441E-03   -0.12512016E-03
-0.61503864E-04   -0.16977921E-03   -0.11455952E-03    0.70677460E-03   -0.70869644E-03
-0.10542921E-02   -0.19987112E-03    0.27889981E-03   -0.74566922E-04    0.87369615E-04
 0.14909373E-03    0.27665157E-04    0.41008458E-04    0.19573540E-03   -0.12999376E-03
 0.13699312E-03   -0.26837329E-03    0.11955092E-02   -0.16158693E-04    0.90872834E-04
-0.17366595E-03    0.11766565E-04    0.18228333E-04    0.29412050E-06   -0.21409394E-04
 0.96157255E-05    0.21884595E-04    0.33489512E-04    0.60522406E-04   -0.17783489E-04
-0.14960847E-04   -0.69355556E-04   -0.31140932E-03    0.51579411E-04    0.60422898E-04
 0.37333370E-04    0.11414499E-05    0.32128464E-04   -0.12355402E-03    0.38105879E-04
 0.11842522E-03   -0.63949971E-04    0.20309485E-04    0.66121075E-05   -0.90759175E-04
 0.39502722E-03   -0.74752848E-04   -0.26472928E-04   -0.19209399E-03    0.12594944E-05
 0.15196422E-02   -0.13330365E-02   -0.18252574E-02   -0.50384791E-03    0.44040869E-03
-0.72998933E-04    0.61144023E-04    0.17078862E-03    0.74295720E-04   -0.22810926E-04
 0.29982854E-03   -0.18643150E-03    0.13454174E-03   -0.34025045E-03    0.54471504E-03
 0.24220559E-02   -0.43500769E-03   -0.22777355E-03    0.20123396E-03   -0.25643899E-04
-0.25703155E-04    0.11283221E-04    0.39694673E-04    0.45563587E-05    0.20884565E-05
-0.12708302E-04   -0.17667790E-04    0.21962640E-04    0.17671620E-04    0.19366127E-04
 0.22294808E-04   -0.44331442E-04    0.58514706E-04   -0.63662086E-05    0.97839504E-05
-0.19188770E-03    0.91875382E-04   -0.98414835E-04   -0.10230435E-03    0.12192857E-03
 0.26989813E-04    0.44949852E-04    0.12330886E-05   -0.35159191E-03    0.80663110E-04
 0.10470680E-03   -0.21902215E-04    0.17529137E-04   -0.10953608E-02    0.66449096E-03
 0.23716239E-03    0.68966855E-03   -0.12311149E-03   -0.66121435E-05   -0.62014860E-04
-0.68999941E-04   -0.16518090E-03   -0.18583645E-04   -0.10869616E-02    0.91943637E-03
-0.71707883E-03    0.39251958E-03   -0.14093996E-03   -0.18419066E-03    0.99826347E-03
 0.72437255E-04   -0.43238281E-04    0.46429865E-04   -0.60175721E-05   -0.30783414E-05
 0.12937837E-05    0.96195742E-05   -0.18923221E-04    0.19178995E-05   -0.13269979E-04
-0.18142895E-04    0.30785387E-05   -0.25957303E-05    0.21778048E-04    0.12130451E-04
 0.19234047E-05    0.10783282E-05    0.94946249E-05   -0.44872155E-04   -0.24943595E-05
 0.18704854E-05   -0.89558577E-05   -0.68410772E-05   -0.18653688E-04    0.33721000E-04
-0.17849415E-04    0.10080733E-04   -0.29788461E-03    0.39570731E-04    0.13685102E-04
 0.35851502E-04    0.52421428E-05   -0.84928658E-03    0.58909908E-03    0.25956522E-03
 0.80363447E-04   -0.77181341E-04    0.75994089E-05    0.82494384E-04   -0.65338026E-04
-0.52608800E-05   -0.77078381E-05   -0.49134226E-04    0.64317209E-04   -0.89239228E-04
 0.23519249E-03   -0.13488888E-03   -0.21234180E-03    0.48929560E-04    0.24929969E-03
-0.50437588E-04   -0.26341000E-04    0.26261079E-04   -0.14594950E-05    0.48487194E-05
-0.16312739E-04    0.43121064E-06   -0.79576471E-06   -0.36743913E-04   -0.96254003E-05
-0.13573025E-04    0.41616475E-05    0.20702531E-05    0.17712462E-04    0.93159664E-04
-0.56739712E-04   -0.31555468E-04   -0.23414568E-04   -0.35966914E-05   -0.65059754E-05
 0.77489631E-04   -0.11462894E-04   -0.13838584E-04    0.49990076E-06    0.73172751E-05
-0.19165343E-05    0.16615816E-04   -0.84854383E-04   -0.54184665E-05    0.14837895E-04
 0.10359249E-03   -0.33190790E-04   -0.90442623E-04    0.28509268E-03    0.60102557E-03
 0.42068629E-04   -0.13007600E-03    0.24805306E-04   -0.84351169E-04    0.28854544E-04
-0.77890136E-05    0.19922467E-04    0.90013272E-05    0.14590489E-04    0.36558879E-05
 0.22173629E-04   -0.21115377E-03   -0.65646558E-03    0.21391518E-04    0.22491282E-04
 0.43508803E-03
