 0.76760250E+00  0.67297286E+00  0.11230798E+01  0.65806603E+00  0.54746425E+00  0.52760172E+00  0.49799031E+00 -0.68162739E-01  0.63576025E+00 -0.49101595E-01
 0.57501185E+00 -0.49092993E-01  0.58330572E+00 -0.28501743E-01  0.61049098E+00  0.21958321E+00 -0.16338249E+00  0.21605308E+00 -0.89828618E-01 -0.84999837E-02
 0.26007336E-01 -0.15128839E-01  0.40216569E-01  0.12290082E+00 -0.20471487E-01 -0.30822422E-01  0.23243410E-03  0.63628882E-01  0.21240348E-01 -0.11822740E+00
-0.11754972E-01  0.18920827E-02 -0.17322207E-01 -0.29154856E-01  0.14080515E-01 -0.63081346E-01  0.69557093E-01 -0.10088617E+00 -0.55071771E-01 -0.83995223E-01
-0.58115792E-01  0.12215286E+00 -0.57818186E-01  0.59159300E-02 -0.10772735E+00 -0.14158781E+00  0.83120838E-01 -0.33235710E-01 -0.44709928E-01 -0.62279653E-01
 0.12172424E-01 -0.61281241E-03 -0.25746092E+00  0.80440558E-01 -0.87882623E-01 -0.53018067E-01  0.28072421E-01  0.37917476E-01  0.13929785E-01 -0.10364589E-01
 0.17557104E+00  0.70846692E-01  0.20933910E+00  0.53560928E-01  0.24358797E+00  0.15946552E+00 -0.96957661E-01  0.24012433E-01 -0.12192440E-02 -0.35459387E+00
-0.53083836E-02 -0.21938682E+00 -0.64331830E-01 -0.16776596E+00 -0.59743963E-01  0.23762721E+00 -0.41530668E-02  0.80762608E-02 -0.45188244E-01  0.10370786E+00
 0.24717273E-01 -0.12817724E+00 -0.40714718E-01 -0.13269401E-01  0.88126093E-01  0.48523891E+00 -0.95636919E-01 -0.21365945E+00  0.34599479E-01  0.65353416E-01
 0.92326663E-01  0.32710392E-01 -0.21101881E-01  0.12961109E+00 -0.11085385E-01 -0.30697286E+00  0.12100907E+00  0.41413373E+00  0.32587171E-01  0.37727766E-01
 0.10677228E-01  0.89369692E-01  0.18764485E+00 -0.19387133E+00  0.50944231E-01 -0.17626459E-01  0.52057609E-01 -0.15894634E+00  0.18859385E+00  0.26564342E+00
 0.21382602E-01  0.36297508E-01 -0.17287637E+00 -0.44340885E+00  0.69606085E-02  0.27043372E+00  0.34358948E-01  0.67948624E-01 -0.13315150E+00  0.13707136E-01
 0.15806572E+00 -0.13564950E+00  0.69624484E-02 -0.13401312E+00  0.62624305E-01  0.10938355E+00  0.34403438E-02  0.19428755E+00 -0.23519013E-01  0.20695354E+00
 0.35028059E-01  0.67586994E+00 -0.16761145E-01  0.54980999E+00
 0.10130774E+00  0.12166604E+00  0.14058059E+00  0.26268782E-01  0.24068614E-01  0.58803763E-01  0.38130276E-01  0.16613930E-01  0.24944898E-01  0.17528921E-01
 0.28170450E-01  0.29681409E-01  0.39025407E-01  0.28171249E-01  0.57463929E-01  0.14235577E+00  0.10898255E+00  0.10237283E+00  0.26410967E+00  0.95356345E-01
 0.41230284E-01  0.59684332E-01  0.59211921E-01  0.54476019E-01  0.66486821E-01  0.28572440E-01  0.65194950E-02  0.68900362E-01  0.85676305E-01  0.32041267E+00
 0.81399649E-01  0.23097588E-01  0.23305478E-01  0.55080816E-01  0.60296815E-01  0.57583176E-01  0.70815288E-01  0.58609530E-01  0.60621209E-01  0.72157584E-01
 0.56741182E-01  0.68434685E-01  0.27500954E-01  0.61569586E-02  0.74937120E-01  0.30433638E-01  0.46060715E-01  0.45261361E-01  0.43134235E-01  0.50151266E-01
 0.20514041E-01  0.47935816E-02  0.52734364E-01  0.66412374E-01  0.18506902E+00  0.55315785E-01  0.16901955E-01  0.20449264E-01  0.42939551E-01  0.44357464E-01
 0.43194622E-01  0.50477114E-01  0.44175003E-01  0.43669332E-01  0.58476839E-01  0.42405855E-01  0.54662999E-01  0.17032700E-01  0.46528503E-02  0.16618606E+00
 0.46626568E-01  0.37561737E-01  0.39739750E-01  0.39845210E-01  0.39355382E-01  0.47143079E-01  0.19785814E-01  0.48954068E-02  0.63003086E-01  0.65082237E-01
 0.19815457E+00  0.56196909E-01  0.16530361E-01  0.15987149E-01  0.37328731E-01  0.43144517E-01  0.46358313E-01  0.49890772E-01  0.51528532E-01  0.43926291E-01
 0.66240802E-01  0.47623958E-01  0.49522113E-01  0.22608856E-01  0.38653170E-02  0.60186160E+00  0.33400372E+00  0.30087408E+00  0.90498589E-01  0.11058341E+00
 0.81059605E-01  0.10127144E+00  0.11538371E+00  0.10791535E+00  0.45925457E-01  0.97287642E-02  0.14551130E+00  0.11687879E+00  0.32923043E+00  0.12940429E+00
 0.33740588E-01  0.35806011E-01  0.84680982E-01  0.16311336E+00  0.11097293E+00  0.11658820E+00  0.14133166E+00  0.10154045E+00  0.16026472E+00  0.11087959E+00
 0.13702103E+00  0.73330022E-01  0.92342002E-02  0.76369777E-01  0.45334101E-01  0.10458300E+00  0.86188413E-01  0.72168566E-01  0.39437506E-01  0.34215752E-01
 0.13011178E+00  0.78537174E-01  0.26642449E-01  0.34053423E-01
 0.13400000E+03 -0.27662818E+05  0.11879764E+01 -0.27530508E+05  0.11140871E+01  0.55593635E+05  0.56410200E+05  0.55984423E+05  0.24978616E+03  0.18100000E+03
 0.53386681E-03  0.10593845E+01  0.98541040E+00  0.97622137E+00  0.10773875E-01  0.72617978E-02  0.13892701E-01  0.10000000E+01  0.21889669E-01  0.19171706E-05
