 0.75445735E+00  0.65751773E+00  0.10648931E+01  0.70644689E+00  0.65164202E+00  0.54376274E+00  0.54134083E+00  0.49361667E+00 -0.23725150E-01  0.55046892E+00
-0.63221514E-01  0.63425231E+00 -0.49699862E-01  0.57767081E+00 -0.50306994E-01  0.58923095E+00 -0.29583866E-01  0.60758662E+00  0.24378816E-01  0.13420852E-01
 0.69574493E+00 -0.15751127E-01 -0.30646168E-01  0.89113271E+00 -0.19068724E-02 -0.27738161E-01  0.10407401E+01  0.56781225E-01 -0.22637315E-01  0.12088671E+01
-0.16172664E+00  0.36031689E-01  0.15773312E+01 -0.18626693E+00  0.24905623E+00  0.19723459E+00 -0.12503368E+00  0.18491817E+00 -0.22184414E+00 -0.13431576E+00
 0.93899630E-01 -0.31838056E-01 -0.40746190E-01 -0.69686159E-01  0.56036287E-02  0.85068395E-03 -0.24604787E+00  0.11576989E+00 -0.53964523E-02 -0.72874092E-01
 0.37188131E-01  0.36790825E-01  0.15295896E-02 -0.44932082E-01  0.17337982E+00  0.10919034E+00  0.24963987E+00 -0.35423348E-02  0.28998053E+00  0.15492541E+00
-0.11723410E+00  0.17490756E-01 -0.81755564E-03  0.18467616E-01 -0.19195192E-01  0.38886447E-01  0.11891918E+00 -0.17895566E-01 -0.21312656E-01 -0.33920305E-02
 0.57017799E-01  0.51554176E-02 -0.30071244E+00  0.11660988E-01 -0.19603844E-02 -0.20000083E-01 -0.18227395E-01  0.44523422E-01 -0.57555314E-01  0.30809788E-01
-0.12236933E+00 -0.89088250E-02 -0.12589149E+00 -0.69739737E-01  0.13954167E+00 -0.55817988E-01  0.66904211E-02 -0.36510950E+00 -0.24424816E-01 -0.21721911E+00
-0.69591329E-01 -0.17149165E+00 -0.55421606E-01  0.24077579E+00  0.72008613E-02  0.60217716E-02 -0.37466299E-01  0.10441917E+00  0.15842040E+00 -0.13693188E+00
-0.48681978E-01 -0.82382588E-02  0.93426153E-01  0.48273170E+00 -0.97876146E-01 -0.19813839E+00  0.37679750E-01  0.58234833E-01  0.88024713E-01  0.39596140E-01
-0.25174851E-01  0.13409397E+00 -0.11439318E-01  0.16078581E+00 -0.22977972E+00  0.45916611E+00  0.10188494E+00 -0.45756124E-01  0.42100511E-01  0.12644364E-01
 0.96681684E-01  0.15611999E+00 -0.21505538E+00  0.33419613E-01 -0.15019483E-01  0.46517693E-01 -0.15857898E+00 -0.95522143E-01  0.33693621E+00  0.37367068E-01
 0.34290913E-01 -0.17821138E+00 -0.46468109E+00  0.20489492E-01  0.30314040E+00  0.18788714E-01  0.79548158E-01 -0.10719679E+00  0.14177609E-01  0.15871170E+00
-0.14696282E+00  0.75284825E-02 -0.60879111E-01  0.27389590E-01 -0.86967118E-01  0.28108312E-01 -0.26732842E-01  0.15670273E-01 -0.44589168E-02  0.82064169E-02
-0.24673793E-01  0.38164937E+00 -0.89663351E-02 -0.84793922E-02 -0.15044932E-01  0.61761048E-02 -0.30922744E-01 -0.78000091E-02 -0.52427925E-01 -0.56781922E-01
 0.47227733E-01 -0.11310766E-01  0.25286112E-01 -0.77508703E-01  0.23674043E-01 -0.33622955E-02  0.26841130E-01 -0.18741503E-01  0.67311920E-01 -0.39113015E-01
 0.39963473E-01 -0.54906417E-01  0.97816875E-02  0.15553436E+00 -0.18355111E-01 -0.50715786E+00  0.16768044E+00  0.20515881E-01  0.84295897E-02 -0.23427641E-01
 0.18190900E-01 -0.42578008E-01  0.12318906E+00  0.74787542E-01  0.13068244E+00  0.12001264E+00  0.11088476E+00  0.11127645E+00 -0.59459213E-01  0.26253862E-02
 0.22379814E+00  0.12264603E-02  0.10262007E+00 -0.24780750E-01  0.20733364E+00  0.41531618E-02 -0.56294620E-01 -0.21703210E-01  0.29312512E+00  0.28560184E-01
 0.86691538E-02  0.55675004E-02 -0.12009656E+00  0.60740376E+00
 0.11367074E+00  0.12323967E+00  0.15239862E+00  0.86846940E-01  0.26820069E-01  0.23881728E-01  0.59801593E-01  0.39050568E-01  0.27683502E-01  0.34142613E-01
 0.17040092E-01  0.25576981E-01  0.17775176E-01  0.28889636E-01  0.30064519E-01  0.39221186E-01  0.29168705E-01  0.59667904E-01  0.53608153E-01  0.31620912E-01
 0.82162894E-01  0.27257321E-01  0.21828895E-01  0.85164867E-01  0.35743073E-01  0.28958302E-01  0.10822669E+00  0.58654238E-01  0.41416727E-01  0.18301283E+00
 0.63778184E-01  0.51386088E-01  0.28325245E+00  0.11675432E+00  0.15154943E+00  0.10673993E+00  0.29659906E+00  0.10830972E+00  0.23361492E+00  0.31453833E-01
 0.48682280E-01  0.47142435E-01  0.45643073E-01  0.54551270E-01  0.23442881E-01  0.55590449E-02  0.54960940E-01  0.70793331E-01  0.19926675E+00  0.61695833E-01
 0.17945454E-01  0.21329230E-01  0.45782283E-01  0.47359094E-01  0.45211606E-01  0.54863017E-01  0.47018889E-01  0.46509683E-01  0.60095873E-01  0.45569494E-01
 0.57412110E-01  0.18144276E-01  0.48742071E-02  0.43011863E-01  0.63724190E-01  0.62168170E-01  0.57512484E-01  0.71591698E-01  0.31444564E-01  0.72958395E-02
 0.71707241E-01  0.92604324E-01  0.34191462E+00  0.88910311E-01  0.24544435E-01  0.24500681E-01  0.58467723E-01  0.63483812E-01  0.59952568E-01  0.78104094E-01
 0.62808037E-01  0.63916951E-01  0.75475484E-01  0.61207660E-01  0.71305633E-01  0.28905399E-01  0.65374472E-02  0.16448921E+00  0.11717324E+00  0.38895998E-01
 0.41284356E-01  0.42888764E-01  0.40015541E-01  0.48632592E-01  0.20899197E-01  0.51992368E-02  0.62675729E-01  0.67490280E-01  0.26732287E+00  0.58845378E-01
 0.17044950E-01  0.15865527E-01  0.38033951E-01  0.44840563E-01  0.46066146E-01  0.53781059E-01  0.54673448E-01  0.44435646E-01  0.71625747E-01  0.48453152E-01
 0.54021891E-01  0.23121867E-01  0.39466978E-02  0.30602589E+00  0.66408104E+00  0.30380395E+00  0.20297371E+00  0.14147185E+00  0.10749774E+00  0.84200561E-01
 0.10659622E+00  0.11964373E+00  0.11052039E+00  0.45975823E-01  0.10548302E-01  0.13872141E+00  0.12307726E+00  0.47653461E+00  0.13484588E+00  0.35808213E-01
 0.36894899E-01  0.84411561E-01  0.16821721E+00  0.10848519E+00  0.11803702E+00  0.16267124E+00  0.92102379E-01  0.18941616E+00  0.11473247E+00  0.15596995E+00
 0.77217348E-01  0.95672002E-02  0.34746896E-01  0.44592846E-01  0.41528672E-01  0.40364455E-01  0.53491373E-01  0.20622337E-01  0.52036867E-02  0.53491473E-01
 0.48455980E-01  0.18318009E+00  0.66531070E-01  0.16920960E-01  0.18469920E-01  0.41223671E-01  0.45818400E-01  0.42191543E-01  0.54765668E-01  0.34315377E-01
 0.63794784E-01  0.40285375E-01  0.46086494E-01  0.51508371E-01  0.22042597E-01  0.44079036E-02  0.75212426E-01  0.93186334E-01  0.82829423E-01  0.79269946E-01
 0.10993069E+00  0.44502892E-01  0.10540086E-01  0.10060706E+00  0.11729842E+00  0.48880318E+00  0.18518497E+00  0.40185079E-01  0.42752579E-01  0.83171725E-01
 0.96262559E-01  0.89458272E-01  0.10809151E+00  0.77849448E-01  0.11567789E+00  0.96300490E-01  0.95091954E-01  0.10754710E+00  0.44388492E-01  0.83964206E-02
 0.80523036E-01  0.10001192E+00  0.12585850E+00  0.43133404E-01  0.35212591E-01  0.13396536E+00  0.50850864E-01  0.68673842E-01  0.74590340E-01  0.95064543E-01
 0.11735601E+00  0.46082612E-01  0.10424890E+00  0.24599603E+00
 0.20400000E+03 -0.41779399E+05  0.14601676E+01 -0.41575581E+05  0.12581749E+01  0.83966797E+05  0.85202632E+05  0.84554438E+05  0.36507834E+03  0.29100000E+03
 0.20515378E-02  0.11165718E+01  0.98408085E+00  0.97456219E+00  0.89768572E-02  0.56530733E-02  0.11751083E-01  0.10000000E+01  0.23168086E-01  0.14507329E-05
