 0.77347821E+00  0.70226949E+00  0.11317375E+01  0.67911637E+00  0.65546238E+00  0.54413640E+00  0.53039396E+00  0.50082254E+00  0.54768729E+00  0.63184470E+00
 0.57574451E+00  0.57994151E+00  0.60617036E+00 -0.17590022E+00  0.23044197E+00  0.20419143E+00  0.25296188E-02 -0.14156298E+00  0.93863584E-01 -0.20080760E-01
-0.47916669E-01 -0.82726322E-01  0.78159012E-02 -0.65022288E-03 -0.24622552E+00  0.10839573E+00 -0.67486167E-01 -0.72987907E-01  0.38037613E-01  0.35709977E-01
 0.77419626E-02 -0.49940858E-01  0.16605037E+00  0.10689716E+00  0.24512716E+00 -0.89914110E-02  0.27533031E+00  0.15396245E+00 -0.10942198E+00  0.23598751E-01
-0.11234430E-02  0.25079209E-01 -0.24974955E-01  0.31953055E-01  0.12209971E+00 -0.10705248E-01 -0.28511861E-01  0.40282719E-03  0.53705700E-01  0.69341795E-02
-0.14453706E+00 -0.29621946E-02 -0.50227749E-02 -0.15939245E-01 -0.23919834E-01  0.33184242E-01 -0.59067450E-01  0.48708286E-01 -0.12290354E+00 -0.15015590E-01
-0.10017172E+00 -0.54317709E-01  0.12811574E+00 -0.56283042E-01  0.56995065E-02 -0.42026985E+00 -0.22848949E+00 -0.57369728E-01 -0.16985941E+00 -0.64182863E-01
 0.23369549E+00 -0.36531333E-02  0.80859819E-02 -0.61836332E-01  0.11061642E+00  0.22600655E-01 -0.13205887E+00 -0.38277019E-01 -0.10888737E-01  0.89141741E-01
 0.48350713E+00 -0.84303185E-01 -0.20672753E+00  0.50677355E-01  0.64509653E-01  0.11016450E+00  0.43393943E-01 -0.29900329E-01  0.13101813E+00 -0.11266426E-01
 0.19145024E+00 -0.70021349E+00  0.42291874E+00  0.59279013E-01 -0.33056962E-02  0.10588508E+00  0.23880768E+00 -0.19887480E+00  0.40753134E-01 -0.17778927E-01
 0.89854479E-01 -0.16528045E+00  0.17052226E+00  0.26295263E+00  0.18509597E-01  0.26462885E-01 -0.18477534E+00 -0.43525112E+00 -0.26243687E-01  0.28658608E+00
-0.29482828E-01  0.64306140E-01 -0.19126672E+00 -0.17421043E-01  0.21810229E+00 -0.16038604E+00  0.99866046E-02  0.24504925E+00 -0.27484376E-01  0.12780519E+00
-0.14606072E-01  0.19832729E+00
 0.97318538E-01  0.12875818E+00  0.12951285E+00  0.69538742E-01  0.24793481E-01  0.23259722E-01  0.51976565E-01  0.37209589E-01  0.25250096E-01  0.24739744E-01
 0.28008286E-01  0.38350042E-01  0.52361459E-01  0.11405399E+00  0.14136632E+00  0.10307201E+00  0.25417686E+00  0.30988688E-01  0.48054434E-01  0.46497609E-01
 0.44859190E-01  0.52284952E-01  0.21877566E-01  0.52250056E-02  0.54883473E-01  0.68803668E-01  0.17073123E+00  0.58939096E-01  0.17392723E-01  0.20921184E-01
 0.44907194E-01  0.45957003E-01  0.44244997E-01  0.51603775E-01  0.45486528E-01  0.45051448E-01  0.59970312E-01  0.44060007E-01  0.56747761E-01  0.17799392E-01
 0.48058075E-02  0.40962987E-01  0.60055200E-01  0.59180595E-01  0.54501697E-01  0.65505333E-01  0.28915126E-01  0.67672124E-02  0.68976648E-01  0.86244017E-01
 0.31037462E+00  0.81472151E-01  0.22793056E-01  0.22947963E-01  0.55320986E-01  0.59254620E-01  0.56838471E-01  0.69575638E-01  0.58071181E-01  0.59761073E-01
 0.72096661E-01  0.56837667E-01  0.67828842E-01  0.27153445E-01  0.61960099E-02  0.10630552E+00  0.33581108E-01  0.39520945E-01  0.40562104E-01  0.39892968E-01
 0.47667339E-01  0.20098340E-01  0.49933596E-02  0.54825667E-01  0.65732934E-01  0.20411386E+00  0.57006378E-01  0.16826821E-01  0.15386763E-01  0.38287643E-01
 0.43912888E-01  0.40980879E-01  0.51110093E-01  0.46961680E-01  0.44516381E-01  0.61144561E-01  0.43597229E-01  0.48673306E-01  0.22496993E-01  0.39903075E-02
 0.18790415E+00  0.47138739E+00  0.13708527E+00  0.78826457E-01  0.86651586E-01  0.90577081E-01  0.10154565E+00  0.10170478E+00  0.46300948E-01  0.10322434E-01
 0.12323800E+00  0.12865925E+00  0.39477643E+00  0.13623524E+00  0.36300845E-01  0.34792125E-01  0.84676385E-01  0.11957137E+00  0.99402331E-01  0.11090663E+00
 0.12194064E+00  0.96166499E-01  0.13941236E+00  0.96681051E-01  0.12696370E+00  0.56090623E-01  0.91654034E-02  0.64038225E-01  0.72701126E-01  0.82521543E-01
 0.27815945E-01  0.19892605E-01
 0.12200000E+03 -0.27801163E+05  0.11529646E+01 -0.27649560E+05  0.10992744E+01  0.55846326E+05  0.56589765E+05  0.56202117E+05  0.28510717E+03  0.18300000E+03
 0.19879749E-05  0.10634809E+01  0.97770820E+00  0.96528327E+00  0.13054590E-01  0.10029044E-01  0.15922410E-01  0.10000000E+01  0.22843001E-01  0.22479581E-05
