 0.77460796E+00  0.69758576E+00  0.11345358E+01  0.68041497E+00  0.65521210E+00  0.54448718E+00  0.52953857E+00  0.50083870E+00  0.54720819E+00  0.63197404E+00
 0.57593292E+00  0.57955885E+00  0.60591459E+00 -0.15627347E+00  0.21296781E+00  0.22942741E+00 -0.42462222E-01 -0.14134897E+00  0.93266778E-01 -0.19740466E-01
-0.45826614E-01 -0.81051707E-01  0.81771677E-02 -0.92403579E-03 -0.24551809E+00  0.10839304E+00 -0.70511080E-01 -0.75110361E-01  0.27441220E-01  0.38360000E-01
 0.11021860E-01 -0.50445996E-01  0.16821651E+00  0.10925801E+00  0.24396545E+00 -0.92065511E-02  0.27629322E+00  0.15205486E+00 -0.10934473E+00  0.26033154E-01
-0.20372556E-02  0.24787821E-01 -0.24405006E-01  0.32071777E-01  0.12073521E+00 -0.11316658E-01 -0.27508741E-01  0.24254089E-03  0.54148994E-01  0.70650373E-02
-0.13878776E+00 -0.21044596E-03  0.19174060E-02 -0.17934894E-01 -0.28898098E-01  0.36832649E-01 -0.60221668E-01  0.46323247E-01 -0.12234475E+00 -0.15147030E-01
-0.10030235E+00 -0.52571099E-01  0.12975818E+00 -0.63649498E-01  0.73071495E-02 -0.42362237E+00 -0.22910199E+00 -0.56647245E-01 -0.16931149E+00 -0.67530304E-01
 0.23405267E+00 -0.22493324E-02  0.76642381E-02 -0.62641457E-01  0.10871223E+00  0.18442482E-01 -0.12893902E+00 -0.48832797E-01 -0.10701981E-01  0.93328632E-01
 0.48082888E+00 -0.82619071E-01 -0.20500961E+00  0.51719230E-01  0.64165458E-01  0.11200729E+00  0.45744885E-01 -0.33875685E-01  0.12954751E+00 -0.12112716E-01
 0.19462918E+00 -0.71577644E+00  0.42586958E+00  0.60341910E-01 -0.47082724E-02  0.10854218E+00  0.24534619E+00 -0.19990559E+00  0.35726070E-01 -0.16042659E-01
 0.90591431E-01 -0.16165321E+00  0.17625593E+00  0.25998852E+00  0.40156081E-01  0.24493620E-01 -0.19496290E+00 -0.43241152E+00 -0.30729203E-01  0.28253946E+00
-0.31095421E-01  0.64009681E-01 -0.19581340E+00 -0.20316729E-01  0.22657508E+00 -0.16419895E+00  0.12287860E-01  0.24429969E+00 -0.25984956E-01  0.12567672E+00
-0.13071253E-01  0.19769755E+00
 0.97741239E-01  0.12734678E+00  0.13023561E+00  0.67725964E-01  0.24747198E-01  0.23231346E-01  0.51893994E-01  0.37145145E-01  0.25256041E-01  0.24738470E-01
 0.28000196E-01  0.38301811E-01  0.52384667E-01  0.11517626E+00  0.14173739E+00  0.10265602E+00  0.25212252E+00  0.30980241E-01  0.47905169E-01  0.46759441E-01
 0.44859596E-01  0.52250650E-01  0.21785565E-01  0.52037500E-02  0.54811463E-01  0.68801738E-01  0.17157501E+00  0.58919676E-01  0.17284870E-01  0.20928327E-01
 0.44969011E-01  0.45964278E-01  0.44094168E-01  0.51535875E-01  0.45476560E-01  0.44994123E-01  0.59950281E-01  0.44062313E-01  0.56855634E-01  0.17739937E-01
 0.47930484E-02  0.40969703E-01  0.59852168E-01  0.59496846E-01  0.54484934E-01  0.65488748E-01  0.28827289E-01  0.67438781E-02  0.68848073E-01  0.86080320E-01
 0.31147826E+00  0.81569001E-01  0.22533923E-01  0.22979783E-01  0.55468693E-01  0.59145860E-01  0.56581691E-01  0.69628179E-01  0.57961177E-01  0.59647556E-01
 0.72132580E-01  0.56815334E-01  0.68036824E-01  0.27671173E-01  0.62929750E-02  0.10410158E+00  0.33457179E-01  0.39572615E-01  0.40676598E-01  0.39922543E-01
 0.47584847E-01  0.20136347E-01  0.49985996E-02  0.54409798E-01  0.65697588E-01  0.20435722E+00  0.57172250E-01  0.16657539E-01  0.15439365E-01  0.38287085E-01
 0.43902829E-01  0.40855408E-01  0.51140863E-01  0.46626963E-01  0.44493530E-01  0.61007082E-01  0.43491550E-01  0.48898391E-01  0.22489769E-01  0.40321122E-02
 0.18793085E+00  0.47266284E+00  0.13687401E+00  0.79221286E-01  0.87032571E-01  0.91562063E-01  0.10154825E+00  0.10209220E+00  0.46343863E-01  0.10321995E-01
 0.12355293E+00  0.12937684E+00  0.40058491E+00  0.13695076E+00  0.36616269E-01  0.35540540E-01  0.85144527E-01  0.12026356E+00  0.10002083E+00  0.11166183E+00
 0.12194860E+00  0.96579820E-01  0.14005667E+00  0.96772708E-01  0.12850721E+00  0.57704844E-01  0.95638065E-02  0.62003929E-01  0.70368543E-01  0.80283016E-01
 0.27322635E-01  0.19871175E-01
 0.12200000E+03 -0.27801076E+05  0.11531442E+01 -0.27649324E+05  0.11004787E+01  0.55846153E+05  0.56589592E+05  0.56201944E+05  0.28488204E+03  0.18300000E+03
 0.20739332E-05  0.10653684E+01  0.97773147E+00  0.96531951E+00  0.13040190E-01  0.10012538E-01  0.15909227E-01  0.10000000E+01  0.22794664E-01  0.22046698E-05
