 0.77739000E+00  0.68765581E+00  0.11267185E+01  0.69474941E+00  0.65620047E+00  0.54537588E+00  0.53352886E+00  0.50152361E+00 -0.27893828E-01  0.55433464E+00
-0.66797242E-01  0.63508767E+00 -0.47785267E-01  0.57490164E+00 -0.50462034E-01  0.58348691E+00 -0.30796288E-01  0.61260211E+00 -0.15161878E+00  0.20860139E+00
 0.24107426E+00 -0.15097040E+00 -0.14139979E+00  0.92176691E-01 -0.19848976E-01 -0.46236243E-01 -0.81431150E-01  0.74469219E-02 -0.85583824E-03 -0.24601474E+00
 0.10859159E+00 -0.78013450E-01 -0.76085672E-01  0.27059911E-01  0.38198274E-01  0.11288948E-01 -0.51509943E-01  0.16702399E+00  0.10951384E+00  0.24232948E+00
-0.94023366E-02  0.27646491E+00  0.15172602E+00 -0.10906751E+00  0.26405150E-01 -0.20948609E-02  0.23845792E-01 -0.23621291E-01  0.31086165E-01  0.12312575E+00
-0.89307204E-02 -0.26167708E-01  0.16350406E-04  0.55488490E-01  0.65681571E-02 -0.12976751E+00  0.47855494E-02  0.23684574E-02 -0.16885253E-01 -0.31397194E-01
 0.41110460E-01 -0.57495352E-01  0.45017760E-01 -0.11904507E+00 -0.16332697E-01 -0.10260657E+00 -0.53411670E-01  0.13064116E+00 -0.65312371E-01  0.72817951E-02
-0.34766728E+00 -0.21864446E+00 -0.63788146E-01 -0.16726337E+00 -0.63134454E-01  0.23935777E+00 -0.26684911E-02  0.76992046E-02 -0.43486390E-01  0.99612236E-01
 0.24655946E-01 -0.12378714E+00 -0.51093925E-01 -0.13569719E-01  0.92477418E-01  0.48385996E+00 -0.95517628E-01 -0.21412274E+00  0.32915980E-01  0.65849565E-01
 0.90851903E-01  0.34370586E-01 -0.24324328E-01  0.12766346E+00 -0.11806633E-01  0.96673831E-01 -0.23893419E+00  0.42367494E+00  0.34523595E-01  0.12418385E-01
 0.90589166E-01  0.18381752E+00 -0.19959940E+00  0.47473121E-01 -0.15954904E-01  0.40974468E-01 -0.15077890E+00  0.19519106E+00  0.25673467E+00  0.41592579E-01
 0.37657421E-01 -0.17953183E+00 -0.45230302E+00  0.12980224E-01  0.27092701E+00  0.51142670E-01  0.66209115E-01 -0.11956481E+00  0.17163580E-01  0.15137389E+00
-0.13065062E+00  0.78931199E-02  0.22963183E+00 -0.78476947E-02  0.10214508E+00 -0.24617437E-01  0.20686230E+00  0.32719500E-01
 0.10789809E+00  0.13349617E+00  0.14538568E+00  0.84412746E-01  0.26030440E-01  0.23537483E-01  0.57890050E-01  0.38042042E-01  0.27541259E-01  0.33720035E-01
 0.16623607E-01  0.24969775E-01  0.17394703E-01  0.28152453E-01  0.30166920E-01  0.39088171E-01  0.28786179E-01  0.58315303E-01  0.11581417E+00  0.14394161E+00
 0.10091477E+00  0.25386062E+00  0.30973813E-01  0.48073608E-01  0.46783857E-01  0.45085661E-01  0.52241161E-01  0.21883206E-01  0.52023032E-02  0.54613024E-01
 0.68944253E-01  0.17407133E+00  0.58952104E-01  0.17386749E-01  0.20971302E-01  0.44960428E-01  0.46028301E-01  0.44149566E-01  0.51710814E-01  0.45732081E-01
 0.45098655E-01  0.59829712E-01  0.44363253E-01  0.57183404E-01  0.17672416E-01  0.47987946E-02  0.41150663E-01  0.60527604E-01  0.59903957E-01  0.54627746E-01
 0.66026084E-01  0.29081885E-01  0.67461655E-02  0.68915702E-01  0.86666718E-01  0.31884873E+00  0.82073569E-01  0.22901066E-01  0.23141943E-01  0.55621665E-01
 0.59636962E-01  0.57012226E-01  0.70313752E-01  0.58708005E-01  0.60019601E-01  0.72364233E-01  0.57419993E-01  0.68717293E-01  0.27816726E-01  0.63375118E-02
 0.14517009E+00  0.35726286E-01  0.39526228E-01  0.39577696E-01  0.39152116E-01  0.47395043E-01  0.19681890E-01  0.48849271E-02  0.58476880E-01  0.65683261E-01
 0.19729741E+00  0.56457207E-01  0.16343605E-01  0.15712779E-01  0.37180200E-01  0.43495409E-01  0.43266121E-01  0.50943613E-01  0.51608030E-01  0.43558735E-01
 0.66212647E-01  0.45285992E-01  0.49431793E-01  0.22539368E-01  0.38869416E-02  0.26081508E+00  0.59427297E+00  0.29849592E+00  0.10209541E+00  0.80220088E-01
 0.95960908E-01  0.11222934E+00  0.10763792E+00  0.43406408E-01  0.96166153E-02  0.12184045E+00  0.11608078E+00  0.32318613E+00  0.12913388E+00  0.35147063E-01
 0.34162167E-01  0.83767593E-01  0.16402474E+00  0.98516218E-01  0.11339080E+00  0.14175452E+00  0.90177029E-01  0.15733194E+00  0.98498553E-01  0.13495053E+00
 0.72945461E-01  0.95165996E-02  0.79208426E-01  0.93303949E-01  0.11037919E+00  0.38268156E-01  0.34133930E-01  0.12753299E+00
 0.12800000E+03 -0.27781961E+05  0.11649387E+01 -0.27649324E+05  0.11004787E+01  0.55819923E+05  0.56599925E+05  0.56193213E+05  0.25171628E+03  0.17700000E+03
 0.18999799E-03  0.10538636E+01  0.98366914E+00  0.97370454E+00  0.11354857E-01  0.79532447E-02  0.14438011E-01  0.10000000E+01  0.22482234E-01  0.21369363E-05
