 0.69983011E+00  0.67885435E+00  0.53530359E+00  0.55325866E+00  0.46820325E+00  0.55590862E+00  0.63234502E+00  0.57430953E+00  0.58080029E+00  0.61549985E+00
-0.16050497E+00  0.30067620E+00  0.21871871E+00  0.42290099E-01 -0.14141025E+00  0.94055533E-01 -0.41174805E-02 -0.12190748E-01 -0.87620065E-01  0.11991710E-01
-0.16698964E-02 -0.23078716E+00  0.10082770E+00 -0.11972329E+00 -0.91712624E-01  0.21121217E-01  0.44022795E-01  0.13452628E-01 -0.43043822E-01  0.17476527E+00
 0.10274344E+00  0.23376019E+00 -0.99599427E-02  0.26564124E+00  0.14868352E+00 -0.87649092E-01  0.18711641E-01  0.88512327E-03  0.37135679E-01 -0.36119230E-01
 0.94709350E-02  0.86186238E-01  0.14018080E-03 -0.48660107E-01  0.32988209E-02  0.39242681E-01  0.25424052E-01 -0.57151385E-01  0.50901953E-01  0.18899471E-01
-0.40616821E-01 -0.53710558E-01  0.30306790E-01 -0.10060331E+00  0.73898330E-01 -0.14411581E+00 -0.18414177E-01 -0.11525071E+00 -0.63913807E-01  0.12875785E+00
-0.67416616E-01  0.46584671E-02 -0.46608666E+00 -0.23769048E+00 -0.53113222E-01 -0.16761923E+00 -0.52137312E-01  0.22957507E+00 -0.17901742E-02  0.75893290E-02
-0.66725157E-01  0.11027423E+00 -0.92200264E-02 -0.13947867E+00 -0.48554048E-01 -0.43655895E-02  0.93895726E-01  0.48246655E+00 -0.74816927E-01 -0.20074797E+00
 0.56434993E-01  0.64323090E-01  0.11547912E+00  0.47285181E-01 -0.26196938E-01  0.12983347E+00 -0.10631611E-01  0.34704515E+00 -0.80501610E+00  0.60125518E+00
 0.12780176E+00 -0.12439558E-01  0.12092510E+00  0.23062098E+00 -0.22664930E+00  0.18921990E-01 -0.15983541E-01  0.11086809E+00 -0.17095087E+00  0.24641611E+00
 0.33637133E+00  0.52870817E-01 -0.20370600E-02 -0.23651944E+00 -0.51735008E+00 -0.65047704E-01  0.32968944E+00 -0.82931086E-01  0.48271742E-01 -0.24955787E+00
-0.48322577E-01  0.23765466E+00 -0.19709706E+00  0.12884264E-01  0.23127273E+00 -0.93701156E-02  0.16037042E+00  0.23081896E-02  0.18346417E+00 -0.86236849E-01
 0.45056060E-01  0.21288529E-01  0.22116732E-01  0.35504356E-01  0.38477678E-01  0.33807967E-01  0.24785435E-01  0.27958257E-01  0.38716137E-01  0.58194917E-01
 0.10864389E+00  0.16805673E+00  0.10121958E+00  0.29450375E+00  0.29385017E-01  0.43589965E-01  0.43066729E-01  0.40875155E-01  0.49218491E-01  0.20556588E-01
 0.50808471E-02  0.50903335E-01  0.66753179E-01  0.16979581E+00  0.57074085E-01  0.16544459E-01  0.20234687E-01  0.41151017E-01  0.43814529E-01  0.41283485E-01
 0.47787338E-01  0.42142775E-01  0.42666648E-01  0.56931365E-01  0.40459052E-01  0.52850585E-01  0.17479254E-01  0.44332934E-02  0.51201057E-01  0.67533948E-01
 0.69625609E-01  0.66493571E-01  0.77757150E-01  0.35312109E-01  0.84341094E-02  0.81707619E-01  0.11072385E+00  0.39052403E+00  0.11189067E+00  0.28117938E-01
 0.27864033E-01  0.65227136E-01  0.74062325E-01  0.67052878E-01  0.85808933E-01  0.68819329E-01  0.73685043E-01  0.86701594E-01  0.68373591E-01  0.79571456E-01
 0.34804318E-01  0.68908161E-02  0.85506663E-01  0.32546911E-01  0.39355692E-01  0.40332478E-01  0.39558962E-01  0.48038241E-01  0.20169225E-01  0.50579943E-02
 0.50468564E-01  0.65578260E-01  0.20913142E+00  0.57212524E-01  0.16306059E-01  0.15392726E-01  0.38173284E-01  0.44165265E-01  0.40063638E-01  0.49527735E-01
 0.44781886E-01  0.44336159E-01  0.58972001E-01  0.42859636E-01  0.48287526E-01  0.22044446E-01  0.40841531E-02  0.34800285E+00  0.57096678E+00  0.39977854E+00
 0.14564662E+00  0.10049907E+00  0.12494680E+00  0.11532686E+00  0.13818277E+00  0.60689747E-01  0.12486761E-01  0.14381038E+00  0.16457866E+00  0.48239800E+00
 0.18225479E+00  0.49424097E-01  0.48626941E-01  0.11597171E+00  0.20554067E+00  0.12013543E+00  0.15127279E+00  0.16700706E+00  0.11358965E+00  0.19278467E+00
 0.12276776E+00  0.15411149E+00  0.95281005E-01  0.11040824E-01  0.33869006E-01  0.49703516E-01  0.85489012E-01  0.31746961E-01  0.32205999E-01  0.17897321E+00
 0.12000000E+03 -0.27817628E+05  0.11410828E+01 -0.27646726E+05  0.11006770E+01  0.55875255E+05  0.56606507E+05  0.56225214E+05  0.31811429E+03  0.18500000E+03
 0.41302819E-08  0.10744679E+01  0.97092928E+00  0.95521537E+00  0.14824742E-01  0.12025927E-01  0.17547741E-01  0.10000000E+01  0.23757736E-01  0.14512919E-05
