 0.63717342E+00  0.68571953E+00  0.98080151E+00  0.40889895E+00  0.37905095E+00  0.39943806E+00  0.40429381E+00  0.53048362E-01  0.40138838E+00  0.43326638E-01
 0.41784324E+00  0.38372935E-01  0.35763008E+00  0.46633753E-01  0.38494212E+00 -0.10816363E-01  0.43488958E-02 -0.60601621E-02  0.35655216E-01  0.18557957E+00
 0.89983307E-01  0.10419107E-01 -0.81021784E-01  0.13542566E-01 -0.16889995E-01 -0.37943003E-02 -0.36543672E-01 -0.42496225E+00  0.14951075E+00 -0.81567757E-01
-0.40100080E-02  0.20769977E-01  0.19198224E+00 -0.44255150E+00  0.22163368E+00  0.13130597E+00 -0.27434066E-01  0.44360287E-01 -0.45580759E-01 -0.57166868E-01
 0.37343675E-01 -0.12279026E-01  0.55545509E+00  0.18485985E+00  0.42222371E+00  0.13463184E+00  0.65616768E+00  0.46516270E+00  0.45202068E+00  0.50012668E-01
 0.36418323E+00
 0.50989952E-01  0.47191950E-01  0.66540133E-01  0.19810015E-01  0.18256660E-01  0.27742060E-01  0.25935364E-01  0.14793243E-01  0.18359146E-01  0.13748326E-01
 0.20288214E-01  0.15028675E-01  0.19341869E-01  0.16756667E-01  0.25102630E-01  0.47851044E-01  0.54218211E-01  0.50201511E-01  0.65644207E-01  0.50253706E-01
 0.57051794E-01  0.58971933E-01  0.57894772E-01  0.57284725E-01  0.62581352E-01  0.61345605E-01  0.62536021E-01  0.58702455E-01  0.42039912E-01  0.59821511E-01
 0.58934408E-01  0.60809127E-01  0.16761378E+00  0.18303769E+00  0.10459732E+00  0.61888848E-01  0.67466527E-01  0.73193403E-01  0.72534515E-01  0.75708256E-01
 0.49127479E-01  0.32351455E-01  0.40690434E-01  0.40329539E-01  0.52090270E-01  0.44245388E-01  0.45269401E-01  0.85430966E-01  0.34832779E-01  0.25216867E-01
 0.28123108E-01
 0.51000000E+02 -0.15026266E+05  0.98851906E+00  0.30154531E+05  0.30414125E+05  0.30252129E+05  0.77465153E-04
