 0.25999752E-02    0.10261123E-02    0.22270801E-02    0.19352620E-02    0.11508677E-02
 0.44275893E-02   -0.12707636E-03    0.51303339E-04    0.50431076E-04    0.39243668E-03
 0.38332186E-04   -0.16966370E-03    0.94248150E-04   -0.70472039E-05    0.33330564E-03
-0.26437143E-03   -0.80773188E-04   -0.93111996E-03   -0.12394605E-04   -0.48254654E-04
 0.76962191E-03    0.51055863E-03    0.32005393E-03    0.86630437E-03   -0.37285223E-04
 0.21058424E-04   -0.21569920E-03    0.67264310E-03   -0.64065212E-04   -0.75929551E-04
-0.40483362E-04    0.38152569E-04    0.50305412E-05    0.73427352E-05   -0.10924463E-04
 0.21884004E-03    0.40147217E-05    0.12036394E-04   -0.47163665E-04   -0.11920134E-04
 0.20723559E-04    0.99619999E-05    0.44392437E-04    0.48430231E-04    0.33705824E-03
 0.61714782E-04   -0.82448800E-05    0.47442097E-04   -0.31204820E-05    0.27989291E-04
-0.58012773E-05    0.23415969E-04   -0.75524177E-05    0.34516870E-04    0.18901647E-03
 0.19637473E-04    0.45786714E-04    0.81777110E-04    0.98011169E-06   -0.20819920E-04
 0.13045000E-04   -0.87492323E-05    0.18978600E-04    0.53913350E-05    0.43278081E-04
 0.41161162E-03    0.61973650E-05    0.12306851E-04   -0.46729197E-05    0.56168500E-05
-0.14197747E-04    0.25947650E-04   -0.34567655E-05   -0.93109058E-05   -0.65326746E-06
 0.21372276E-05    0.39626627E-06    0.22586107E-03    0.22413392E-06   -0.23886431E-04
 0.17126382E-04   -0.81818084E-05   -0.98112447E-05   -0.33549702E-04   -0.21900226E-04
-0.19996586E-05   -0.45704363E-04    0.39182382E-05   -0.22837155E-06    0.26716476E-04
 0.37410789E-03   -0.25064853E-04    0.71729788E-04   -0.10926669E-03    0.58215850E-05
-0.13706744E-04    0.38668967E-04    0.10955053E-04   -0.72744577E-05   -0.10261986E-05
-0.17582554E-04   -0.76513997E-05   -0.37708073E-04    0.27363984E-05    0.28078590E-03
-0.90173491E-04   -0.22052485E-05   -0.63868125E-04    0.21126818E-04   -0.19942830E-05
 0.18693125E-04   -0.97297488E-05    0.26498622E-04    0.15161493E-05    0.62671013E-05
-0.59895134E-04    0.50070683E-05   -0.85680694E-04    0.42512070E-04    0.63014202E-03
-0.18976357E-03    0.68284792E-04   -0.26578851E-03    0.39180390E-04   -0.50510544E-04
 0.68274088E-04   -0.10251450E-03   -0.30268220E-05   -0.71567721E-04   -0.25453760E-04
-0.11930575E-04   -0.23958328E-04    0.33960570E-04    0.48621736E-04    0.30376462E-04
 0.22897224E-02    0.18344350E-03   -0.27790774E-03    0.59638378E-03   -0.37079157E-04
 0.10680039E-03   -0.22902426E-03    0.12812445E-03    0.56196740E-04    0.43571925E-04
 0.63736763E-04    0.10469047E-04   -0.50043947E-04   -0.32960330E-05    0.26913682E-04
 0.23192453E-05   -0.64695161E-03    0.29396144E-02   -0.45213377E-04    0.60504502E-04
-0.17970810E-03    0.45510426E-04    0.97167738E-05    0.73691816E-04   -0.25015576E-04
 0.26333623E-04    0.58283292E-04   -0.83853869E-05    0.19178083E-05    0.57574387E-04
-0.32448527E-04    0.20030087E-04    0.66567181E-05    0.52014545E-03   -0.16802862E-03
 0.25201917E-02    0.30159458E-04   -0.70562162E-04    0.35479325E-03   -0.44887081E-04
 0.43840447E-05   -0.93688159E-04    0.95209963E-04   -0.12065078E-04   -0.34505283E-04
 0.31965847E-04    0.43325239E-04   -0.82239778E-04   -0.82581486E-04    0.31995814E-04
 0.22881412E-04   -0.82791882E-03    0.12214267E-02   -0.14932505E-02    0.43091619E-02
 0.81667986E-03    0.45598310E-03    0.12448936E-02   -0.11436017E-04    0.52285514E-04
-0.33133790E-03    0.31593040E-03   -0.64372640E-04    0.23257436E-04    0.93958406E-05
 0.20729418E-04   -0.41933054E-04   -0.11966685E-04    0.65317978E-04   -0.10784858E-04
 0.16717251E-04    0.76151316E-04   -0.51833141E-04    0.46893825E-03    0.25254350E-02
-0.14015361E-03   -0.81774769E-04    0.16891559E-03   -0.32541265E-04   -0.11232589E-04
-0.13895933E-03    0.50656332E-04    0.23046653E-04    0.14935830E-04    0.14569015E-04
 0.18559545E-04   -0.30737269E-04   -0.46086760E-04   -0.10406517E-03   -0.18825174E-04
-0.14833551E-02    0.37263123E-03   -0.37433945E-03    0.42367880E-03   -0.99531197E-04
 0.32549072E-02    0.15682186E-03   -0.10143995E-05    0.10538343E-04    0.31074617E-05
 0.48790218E-04    0.51359476E-04    0.34916705E-04    0.18991925E-04    0.57970640E-04
-0.52140348E-04   -0.29248934E-04    0.11943369E-03   -0.12827979E-04    0.44499383E-04
 0.54782712E-05   -0.12726244E-02    0.34176346E-03   -0.27124289E-03    0.48170775E-03
 0.22643407E-03    0.17288465E-03    0.34776889E-02    0.33190833E-03   -0.24210832E-03
 0.11490932E-03   -0.31504890E-04    0.27487004E-04    0.37347509E-04    0.65651102E-04
-0.52392794E-05    0.22762060E-04    0.51710237E-04    0.18504594E-04    0.29689543E-04
-0.10483708E-05    0.25002332E-04   -0.21650361E-04   -0.11154500E-02    0.16217949E-03
-0.29514284E-03    0.29559214E-03    0.69487164E-05    0.20763506E-03   -0.42280307E-03
 0.33518046E-02   -0.98438632E-03   -0.51427908E-03   -0.17514554E-02    0.27979847E-04
-0.57474991E-04    0.46532948E-03   -0.49574983E-03    0.72367028E-04    0.18346849E-04
-0.23032014E-04   -0.32829856E-04    0.25396042E-04    0.35226641E-04   -0.45392379E-04
 0.51685725E-04    0.10027896E-03   -0.74466276E-04    0.10073348E-03   -0.56675293E-03
-0.22959700E-02    0.33321369E-04   -0.38628242E-04   -0.17758315E-03    0.32815397E-02
 0.67836173E-03    0.57020047E-03   -0.12724515E-03   -0.18373154E-04   -0.11544988E-03
 0.95407268E-04   -0.88171808E-05   -0.76853055E-04   -0.61820158E-04   -0.97759000E-04
-0.77255736E-04    0.49916930E-04    0.60346433E-04    0.23125112E-04    0.83918213E-05
 0.44195268E-03   -0.18065032E-02    0.15391300E-03   -0.63142093E-03    0.13865047E-03
-0.97914729E-03   -0.13109495E-03   -0.29949445E-04   -0.28332365E-03    0.39164256E-02
-0.15253640E-03    0.31265594E-03   -0.12399491E-04    0.12786502E-03   -0.48146848E-04
 0.67025437E-04   -0.41584813E-04   -0.41590989E-04   -0.16273844E-04    0.36980010E-04
 0.12118351E-03   -0.42268837E-04    0.16977718E-04   -0.22776540E-04   -0.57156349E-04
 0.18348328E-03   -0.14804245E-02    0.94684896E-05   -0.51088522E-03    0.51590092E-04
-0.11092530E-04   -0.73164845E-03    0.34339974E-03   -0.31223245E-04    0.28662481E-03
 0.37632833E-02   -0.65898365E-03    0.20424893E-04   -0.99138069E-03    0.29173316E-04
-0.66009966E-04    0.24985826E-03   -0.23280189E-03   -0.71543785E-05    0.98553995E-05
-0.53300124E-04   -0.11662371E-03    0.59608565E-04   -0.39816227E-04   -0.96352095E-05
 0.44398381E-04    0.22619081E-03   -0.16391218E-02    0.11740955E-03   -0.76455511E-03
-0.24634855E-03    0.41920952E-04    0.23662011E-03   -0.82698058E-03    0.26891206E-03
 0.33458247E-03   -0.26885816E-03    0.39107540E-02    0.39916586E-03   -0.79103814E-04
 0.12016544E-02   -0.29900108E-05   -0.25051553E-04   -0.32982661E-03    0.27779105E-03
-0.17510368E-04   -0.13004531E-03   -0.22923346E-04    0.10066239E-03   -0.25006567E-04
-0.64374587E-05   -0.66578120E-04   -0.10469750E-04   -0.12040584E-03    0.25822500E-03
-0.12640142E-03    0.35859960E-03    0.42159348E-03    0.17043379E-04   -0.15603734E-05
 0.21012803E-04   -0.61462899E-03   -0.18414429E-03    0.26286388E-03   -0.45981870E-03
 0.34459783E-02    0.29387162E-03    0.26134265E-03    0.46356197E-03   -0.27644560E-04
 0.29925707E-04   -0.14944831E-03    0.93633200E-04   -0.15183340E-04   -0.46127642E-04
-0.10779523E-04   -0.73910227E-05   -0.66682084E-05    0.50268276E-04    0.60806287E-04
-0.29357687E-04    0.65137859E-04   -0.41084368E-04    0.35742484E-04    0.22967501E-03
 0.10952124E-02   -0.71951689E-04    0.94038393E-04    0.86409012E-04   -0.10044660E-02
 0.13554334E-03   -0.75697782E-04   -0.10492842E-03   -0.49360216E-03    0.17673542E-02
-0.35454551E-04   -0.17925873E-03    0.30024437E-04    0.37857594E-04   -0.66161254E-05
 0.28655709E-04   -0.83153190E-05   -0.12307833E-04   -0.37887706E-04    0.70059712E-04
 0.10942001E-03   -0.29215846E-04    0.11798367E-04    0.13113902E-04   -0.32877646E-04
-0.46224745E-03    0.29332768E-03   -0.14491033E-02    0.87330297E-03    0.51656395E-04
 0.73547281E-03   -0.18495275E-04    0.32948804E-03   -0.25308787E-04   -0.56101867E-03
 0.61738677E-04   -0.14988588E-03   -0.10757603E-03   -0.19667535E-03    0.35786132E-02
 0.47518640E-04   -0.41198856E-04    0.39127965E-04   -0.36951372E-04   -0.24790292E-04
 0.54489853E-05    0.13999721E-04    0.82223183E-05   -0.39528476E-04   -0.88618442E-04
-0.51579158E-04   -0.11423874E-04   -0.50124792E-04    0.42152303E-05    0.44963558E-04
-0.32843633E-03    0.99169735E-04   -0.13762289E-02    0.90521245E-03    0.33026491E-05
-0.20060254E-05    0.88230702E-03    0.15059902E-04    0.19754452E-04    0.92670344E-04
-0.20165674E-03    0.66487143E-04   -0.13053326E-05    0.11265554E-03   -0.13031779E-03
 0.34732645E-02    0.13457885E-03   -0.81707063E-04    0.29861589E-03   -0.22817529E-04
 0.18159310E-04   -0.15400580E-03    0.31383960E-04   -0.34528254E-04   -0.55210837E-04
 0.83652978E-05   -0.32079987E-04   -0.38172992E-04    0.70356435E-04   -0.73172107E-04
 0.30838542E-06   -0.98094988E-04   -0.24939334E-04   -0.13521409E-02    0.68915401E-03
-0.44445796E-04    0.15120586E-03   -0.26038346E-03    0.66953890E-03   -0.53221499E-04
-0.50083806E-04    0.16872159E-03   -0.40013063E-03    0.49519636E-03    0.32167658E-05
 0.65536508E-04   -0.37597107E-04    0.36977499E-02   -0.25511148E-02   -0.25421821E-03
-0.47539600E-02    0.19628522E-03   -0.19251860E-03    0.12166425E-02   -0.11019335E-02
 0.58662484E-04    0.20933039E-03   -0.20696756E-04   -0.15987688E-03    0.14543596E-03
-0.21275911E-03    0.31900314E-03    0.50672840E-03    0.45641348E-03   -0.54137293E-03
 0.51996672E-03   -0.23648143E-03   -0.16391934E-02    0.82882123E-04    0.10411198E-03
-0.72267934E-03    0.21668593E-02   -0.23422859E-04   -0.10198901E-02    0.17151937E-02
-0.60961929E-02    0.49758381E-03    0.15069422E-03   -0.11508554E-03   -0.16506820E-02
 0.28094380E-01    0.24926501E-02   -0.92489129E-04    0.46169758E-02   -0.17110125E-03
 0.28226639E-03   -0.13567019E-02    0.98730105E-03    0.30253986E-04   -0.24330380E-03
 0.39503494E-04    0.90394698E-04   -0.23539082E-03    0.27778018E-03   -0.53993526E-03
-0.51810743E-03   -0.43203175E-03    0.45275332E-03   -0.52616644E-03    0.10013463E-03
 0.15648508E-02    0.22085409E-03   -0.42193169E-03    0.79608342E-03   -0.21010574E-02
-0.42566649E-04    0.11324919E-02   -0.13849135E-02    0.51408419E-02   -0.32414193E-03
 0.53305075E-04    0.12909652E-04    0.15240494E-02   -0.28225715E-01    0.33502794E-01
-0.12053511E-02    0.16070336E-04   -0.28280884E-02    0.19491000E-03   -0.13930382E-03
 0.77401552E-03   -0.61843416E-03   -0.11019134E-04    0.14947119E-03    0.76704785E-04
-0.96725828E-04    0.94607583E-04   -0.89453864E-04    0.16751525E-03    0.44335803E-03
 0.35965235E-03   -0.50377817E-03    0.22122485E-03   -0.12622023E-03   -0.60545822E-03
-0.18993854E-03    0.41852987E-04   -0.31920696E-03    0.95595180E-03    0.19754836E-03
-0.16039230E-03    0.94640227E-03   -0.30533159E-02    0.15534529E-03    0.11478432E-03
-0.11552712E-03   -0.98543499E-03    0.14583682E-01   -0.14741790E-01    0.10940600E-01
 0.87312283E-03    0.61291888E-03    0.99638235E-03   -0.10165416E-03    0.39348238E-06
-0.25426051E-03    0.36234652E-03   -0.61609558E-04    0.46899460E-04   -0.85833676E-05
 0.14225373E-04   -0.63107615E-04   -0.17816520E-05    0.27694056E-04   -0.10586548E-03
-0.37105512E-04   -0.16061525E-03   -0.54526615E-04   -0.22040573E-03    0.69252573E-03
-0.16843312E-03    0.10660663E-03   -0.90453656E-04   -0.97389218E-03    0.54225005E-03
 0.22192600E-03   -0.37413526E-03    0.53970561E-03    0.21488456E-03    0.12208685E-04
-0.99569017E-05    0.18590167E-04   -0.21415831E-02    0.15005409E-02   -0.89936699E-03
 0.38302296E-02   -0.24847805E-04   -0.30875709E-03   -0.12926578E-03   -0.55579085E-04
-0.23807065E-04    0.11653505E-03   -0.83197993E-04    0.17831264E-04    0.59391646E-04
 0.55141066E-04    0.32049829E-04   -0.20832032E-04    0.12154814E-04   -0.15995573E-03
-0.99079277E-04   -0.63055045E-04    0.60381052E-04   -0.18995973E-04   -0.39884182E-03
-0.13831582E-02   -0.39463109E-05   -0.15663581E-03    0.10376881E-03    0.15084028E-02
-0.19577887E-03    0.23728905E-03   -0.18214284E-03    0.95668279E-03   -0.20168532E-02
 0.21186714E-03   -0.96048278E-04    0.22371507E-03   -0.47945089E-02    0.46022290E-02
-0.27361355E-02   -0.29163496E-04    0.45517323E-02    0.56128560E-03    0.43867039E-03
 0.73944491E-04   -0.35170780E-04    0.56043682E-04    0.47204963E-04    0.47736492E-05
-0.56854843E-04   -0.67627964E-04   -0.83381023E-04   -0.71559984E-04    0.66798765E-04
 0.12750462E-03   -0.35672660E-05    0.75874668E-05    0.64814115E-03   -0.76276724E-03
 0.86374366E-03   -0.24558876E-02   -0.47028597E-04   -0.85282170E-03   -0.26241077E-03
-0.21337577E-03   -0.45852131E-04    0.16436777E-02    0.34199461E-03   -0.18672977E-03
-0.26398018E-04    0.10805768E-03   -0.18484717E-02   -0.15534869E-03    0.10184682E-03
-0.79152694E-03    0.87238379E-03    0.18512220E-03    0.30971038E-03   -0.19701555E-03
 0.53572742E-02    0.21581008E-03    0.30062413E-03    0.27770353E-03    0.58827735E-04
-0.12005437E-04   -0.37366251E-04    0.30896000E-04   -0.15132029E-04    0.60576377E-04
 0.66182258E-04    0.26071124E-04   -0.10384245E-04    0.49628061E-04    0.37820965E-04
-0.10050097E-03    0.42624356E-03   -0.48665473E-03    0.84214040E-03   -0.21613290E-02
-0.33678261E-04   -0.15082125E-03   -0.11157070E-02    0.32423631E-03    0.16457204E-04
 0.74010548E-04    0.13032381E-02   -0.17225047E-03   -0.36806087E-04   -0.21847382E-03
 0.49115432E-04   -0.20493432E-02    0.91521070E-04   -0.49224646E-03    0.91238942E-03
-0.96659863E-04    0.96522278E-04    0.40576164E-03    0.35032680E-03    0.52612559E-02
-0.20438002E-03    0.18435346E-03   -0.22655897E-03    0.25040479E-04   -0.10394959E-05
 0.23162811E-04   -0.81364895E-04    0.10720546E-04    0.92929313E-04    0.85546863E-05
-0.73741393E-04    0.97352610E-04   -0.32709369E-04   -0.23395587E-04    0.22411561E-04
 0.17948499E-03   -0.62429087E-03    0.66972316E-03   -0.22201900E-02   -0.12102063E-05
-0.12836604E-05    0.49486607E-03   -0.11982546E-02    0.58953358E-04    0.56195608E-04
-0.36125749E-03    0.17740673E-02   -0.50961584E-03   -0.69038676E-04   -0.41911257E-04
 0.74670307E-04   -0.21639625E-02    0.14376080E-02   -0.13300537E-02    0.67385580E-03
 0.36886952E-03   -0.34188032E-03    0.32964167E-04   -0.23734964E-03    0.57317400E-02
-0.76557044E-03   -0.41734452E-03   -0.12677822E-02    0.99493369E-05   -0.52913999E-04
 0.33020742E-03   -0.32651491E-03    0.70053414E-04    0.10933253E-04   -0.41713535E-04
-0.23446642E-04    0.29137598E-04    0.28381706E-04   -0.29834274E-04    0.10483090E-04
 0.81928269E-04   -0.66951920E-04    0.89079610E-04   -0.55814477E-03   -0.20650253E-02
-0.23507153E-04   -0.13576972E-03   -0.13537207E-03    0.24369021E-02   -0.12014910E-03
-0.81105245E-05    0.25618299E-03   -0.50234365E-03   -0.10489081E-02   -0.65385032E-04
-0.42629478E-04   -0.21321888E-04    0.16105523E-02   -0.15402094E-02    0.63829259E-03
-0.70156752E-03    0.14090089E-02    0.10327419E-03    0.48795229E-04    0.15264123E-03
 0.24135092E-02    0.12796840E-04   -0.35358218E-04   -0.30332977E-04   -0.64657367E-05
 0.37283243E-04    0.44894119E-04   -0.33298550E-05   -0.93042151E-05    0.59409327E-04
 0.37517461E-04   -0.10622702E-04   -0.13828057E-04   -0.28098780E-04   -0.22917483E-04
 0.12406771E-04   -0.17102322E-04    0.31170510E-04    0.15219928E-04   -0.17935310E-03
-0.19366284E-03    0.33206813E-04   -0.55616833E-04   -0.10596449E-03    0.16362141E-03
-0.66834420E-04    0.97630752E-04    0.60583214E-04    0.12608067E-04   -0.84150339E-03
 0.13364403E-03   -0.12940373E-03   -0.16946899E-03   -0.26072514E-04   -0.16716767E-04
-0.75632633E-05   -0.10568375E-04    0.12971484E-02   -0.68109993E-04    0.28102385E-03
 0.21918262E-03    0.26136334E-03    0.10466167E-02    0.16728749E-03    0.74358712E-04
 0.21902061E-03   -0.29636523E-04    0.86441578E-05   -0.13259500E-03    0.11562329E-03
-0.10231074E-04    0.13730828E-04   -0.17556145E-04    0.17272807E-05    0.78238265E-05
-0.19679679E-04    0.48284237E-04   -0.91898101E-05    0.10236426E-03    0.17908352E-04
 0.20736637E-04   -0.61976247E-05    0.13479644E-03   -0.25357255E-03    0.92602175E-04
-0.55812512E-04   -0.24813658E-03    0.11181171E-03    0.66804160E-04   -0.15239600E-03
 0.65587041E-03   -0.26114477E-04   -0.16739628E-03    0.54376587E-04    0.62559653E-05
-0.16743492E-02    0.11909155E-02   -0.34748438E-03    0.40789602E-03    0.43030154E-04
 0.32678476E-03   -0.15498266E-04   -0.15221810E-03   -0.21520838E-03   -0.75079625E-04
 0.16557114E-02   -0.89631369E-03   -0.78686096E-03   -0.80186525E-03    0.26583749E-04
 0.10335387E-04    0.21981838E-03   -0.17791443E-03    0.57748653E-04   -0.30997645E-04
-0.31777973E-04   -0.14554649E-04   -0.28732931E-04   -0.21436223E-04   -0.50166192E-04
-0.11772411E-04   -0.25386411E-04    0.10261966E-03    0.34566346E-04    0.62501752E-04
-0.42553459E-03    0.22964365E-03    0.78363810E-05   -0.49916555E-04    0.60119289E-03
-0.40898459E-03   -0.15486823E-03    0.15628217E-03   -0.26849881E-03   -0.89510075E-04
 0.10743780E-03    0.10998274E-03   -0.99716780E-04    0.22741067E-02   -0.23090292E-02
 0.61394794E-03   -0.48395122E-03   -0.11615261E-03   -0.50291143E-03   -0.40588470E-03
 0.13129830E-03    0.42245259E-03   -0.39946876E-04   -0.70326277E-03    0.16264717E-02
-0.12634130E-03   -0.64355489E-04   -0.12476273E-02   -0.53143840E-04   -0.53707248E-05
 0.17085597E-03   -0.30759053E-03   -0.53554622E-04    0.41277036E-04    0.45551710E-04
-0.68714348E-05    0.49836642E-05    0.17336459E-04    0.55684405E-04   -0.22924000E-04
 0.13076015E-03   -0.33149313E-03    0.65266125E-04   -0.29364821E-03   -0.10864576E-03
-0.13074930E-03   -0.47597743E-04    0.47929548E-04    0.97621672E-04    0.37069765E-03
 0.10143160E-03    0.35779192E-03   -0.44007576E-03   -0.92313020E-04    0.66959756E-04
-0.13725933E-03   -0.24994510E-04   -0.21622977E-04    0.13158981E-02    0.70840893E-03
-0.16314467E-03    0.61471819E-04    0.38898780E-03    0.19643370E-03    0.12799394E-03
 0.96546151E-04    0.89064644E-05    0.46157211E-03   -0.80103712E-03    0.27133962E-02
-0.77210289E-03   -0.19006451E-03   -0.16294200E-02    0.13421140E-04   -0.57759572E-04
 0.40836545E-03   -0.33545222E-03   -0.24007747E-05    0.88987256E-04    0.12486587E-04
-0.32058475E-04    0.19884983E-04   -0.95576221E-05    0.76863051E-04   -0.95964529E-05
 0.21991595E-03   -0.35141574E-03    0.21679529E-03   -0.24928305E-03   -0.41309797E-03
-0.76874905E-04   -0.63569808E-05   -0.23797349E-03    0.57561909E-03    0.13877820E-03
-0.43567592E-04    0.54772688E-03   -0.16193555E-02    0.50248812E-04    0.21725439E-04
-0.51441193E-04   -0.41982826E-03    0.50475427E-02   -0.53219986E-02    0.31038906E-02
-0.33210459E-03   -0.69609387E-03    0.10796758E-04   -0.80061798E-04    0.36440758E-03
 0.42022050E-03    0.33669007E-04   -0.17874593E-03    0.42123410E-03    0.46104770E-03
 0.19576544E-02    0.16692598E-03   -0.40135499E-04    0.75045790E-03   -0.45316137E-04
 0.59754729E-04   -0.22020160E-03    0.13034874E-03   -0.74412056E-05   -0.58266444E-04
-0.46883282E-04    0.19114659E-04   -0.26038264E-04    0.40987275E-04   -0.31001342E-04
-0.44804406E-04   -0.83085471E-04    0.25991170E-03   -0.16000638E-03    0.86922263E-04
 0.22571453E-04    0.10004004E-03   -0.82411862E-05    0.53737921E-06   -0.17226410E-03
-0.12117406E-03   -0.87910096E-04   -0.21781933E-03    0.84394008E-03   -0.11837101E-03
 0.70395510E-05    0.19418610E-05    0.32720634E-03   -0.27529716E-02    0.24607131E-02
-0.29073247E-02    0.10028060E-03    0.54182307E-03   -0.29895096E-03    0.60416599E-04
-0.11546904E-03   -0.63649152E-04    0.18326515E-04   -0.34943842E-04   -0.11193970E-04
-0.41996386E-03   -0.71879806E-03    0.20493186E-02    0.72238268E-03   -0.83643209E-04
 0.15610010E-02   -0.18311106E-03    0.68699265E-04   -0.35927224E-03    0.32216210E-03
 0.38110519E-04   -0.36990792E-05   -0.43610066E-04    0.89433550E-04   -0.69693060E-04
 0.24541510E-04   -0.14733559E-03   -0.67021542E-03   -0.26752620E-03    0.26788867E-03
-0.16295521E-03    0.33353834E-03    0.31662207E-03    0.25157714E-03    0.38888608E-04
 0.33711878E-04   -0.60072213E-03   -0.77265803E-04    0.12582357E-03   -0.59392294E-03
 0.17538110E-02   -0.73186485E-04   -0.92203823E-04    0.33395321E-03    0.43245097E-03
-0.96024140E-02    0.98760556E-02   -0.70307088E-02    0.55598716E-03    0.19109968E-02
-0.32593170E-03   -0.25908310E-03   -0.49218111E-03   -0.38209174E-03   -0.24007628E-04
 0.55629329E-04   -0.11416783E-03   -0.60677382E-03   -0.15946001E-02    0.13857498E-02
 0.72984500E-02   -0.56726414E-03   -0.46155973E-03   -0.37435904E-03    0.15590930E-04
 0.70834323E-06    0.82897371E-04   -0.66656534E-04    0.19225755E-04   -0.50765089E-04
 0.89052649E-05   -0.53307130E-05   -0.18987380E-04    0.39765888E-04   -0.36910173E-04
 0.21406852E-05   -0.11463601E-04    0.12766516E-04   -0.69670053E-04    0.39508662E-04
-0.25245686E-03    0.17075447E-03   -0.10078834E-03    0.43667729E-04    0.31523004E-03
-0.34158245E-03    0.88984900E-04    0.15643080E-04   -0.30441124E-03   -0.54166360E-05
 0.53307019E-04    0.57121377E-04    0.11965479E-03    0.11618239E-02   -0.13105526E-02
 0.37574178E-03   -0.17072124E-03   -0.46889066E-04   -0.27700102E-03   -0.19475951E-03
-0.24030881E-04    0.19443351E-03   -0.40858706E-04   -0.52749319E-03    0.86408653E-03
-0.76462940E-03    0.32621780E-03   -0.46419322E-04   -0.37029805E-05    0.12133225E-02
-0.80262669E-04    0.16577522E-03   -0.46637604E-03    0.19671725E-04   -0.35097682E-04
 0.11330913E-03   -0.10568158E-03   -0.26713827E-04    0.35380113E-04   -0.20320691E-05
-0.28478652E-05    0.29404178E-04   -0.25079297E-04    0.77487998E-04    0.27637743E-05
 0.77223636E-04   -0.14038685E-03    0.92423016E-04   -0.10219143E-03   -0.57338509E-04
-0.10017419E-03    0.76530103E-04   -0.62357082E-04    0.79252360E-04    0.17412751E-03
-0.12016053E-03    0.14910104E-03   -0.69655046E-03    0.10683404E-03   -0.49352760E-04
-0.34855744E-04   -0.16510590E-03    0.24279481E-02   -0.25899369E-02    0.14116812E-02
-0.11525217E-04   -0.45721886E-03    0.33235917E-04    0.32820077E-04    0.11995304E-03
 0.60138286E-04   -0.59803555E-05    0.15698181E-03   -0.13768546E-03    0.34726559E-03
 0.63459799E-03   -0.34421114E-03   -0.84707692E-03   -0.73383220E-04    0.63589039E-03
-0.53598035E-04   -0.11929179E-03   -0.10422355E-03    0.31628013E-04    0.36202991E-04
 0.12493519E-05    0.30904466E-05   -0.76803784E-05   -0.25096233E-04    0.16036486E-04
-0.29138052E-04   -0.74347162E-05   -0.25011193E-04   -0.28670580E-04    0.92518907E-04
-0.38699894E-04    0.34407586E-04    0.46000221E-04   -0.45636049E-04   -0.15238269E-04
 0.49691721E-04   -0.14427633E-04    0.91780188E-04    0.34523791E-04   -0.10124511E-03
 0.68535605E-04   -0.88888810E-04   -0.42034293E-04    0.53556501E-05    0.17759944E-04
-0.54248166E-04   -0.13193519E-03    0.56534226E-03   -0.36436750E-03    0.11227679E-02
-0.90840446E-06   -0.23243765E-03    0.14342922E-03    0.99235803E-05    0.38922329E-04
-0.20133392E-04   -0.35331719E-04    0.37387711E-04    0.34181486E-04    0.11780124E-03
 0.89414472E-04   -0.44186956E-03   -0.99212425E-03   -0.75424769E-05    0.41835674E-05
 0.79090919E-03
