 0.77505773E+00  0.69314754E+00  0.11242894E+01  0.69240749E+00  0.65660310E+00  0.54498088E+00  0.53395897E+00  0.50137323E+00 -0.27347343E-01  0.55423826E+00
-0.66884138E-01  0.63501942E+00 -0.47785461E-01  0.57471102E+00 -0.50651148E-01  0.58372629E+00 -0.30626904E-01  0.61236888E+00 -0.17143570E+00  0.22641222E+00
 0.21713570E+00 -0.11368057E+00 -0.14162476E+00  0.92819229E-01 -0.20135894E-01 -0.48270799E-01 -0.83140425E-01  0.71260226E-02 -0.58859860E-03 -0.24664168E+00
 0.10844431E+00 -0.74687801E-01 -0.74009560E-01  0.37578493E-01  0.35639469E-01  0.80280015E-02 -0.51026545E-01  0.16489853E+00  0.10706742E+00  0.24360743E+00
-0.91506783E-02  0.27548331E+00  0.15367909E+00 -0.10904679E+00  0.24047341E-01 -0.11630158E-02  0.24147864E-01 -0.24287647E-01  0.30832624E-01  0.12454634E+00
-0.81600221E-02 -0.27203394E-01  0.17118125E-03  0.54905862E-01  0.67207702E-02 -0.13596162E+00  0.21995520E-02 -0.44372850E-02 -0.15020440E-01 -0.26458537E-01
 0.37471276E-01 -0.56458015E-01  0.47534857E-01 -0.11986773E+00 -0.16270859E-01 -0.10244571E+00 -0.55277824E-01  0.12885660E+00 -0.58098678E-01  0.56456886E-02
-0.34419206E+00 -0.21800609E+00 -0.64571440E-01 -0.16776267E+00 -0.59645459E-01  0.23907004E+00 -0.40137381E-02  0.80860183E-02 -0.42610109E-01  0.10150285E+00
 0.28724406E-01 -0.12705249E+00 -0.41247431E-01 -0.13547100E-01  0.88605046E-01  0.48651454E+00 -0.97067393E-01 -0.21567918E+00  0.31784359E-01  0.66230066E-01
 0.89015462E-01  0.31831726E-01 -0.20310484E-01  0.12932567E+00 -0.11039712E-01  0.95604934E-01 -0.23021287E+00  0.42004049E+00  0.33660848E-01  0.13752609E-01
 0.88126257E-01  0.17740513E+00 -0.19856653E+00  0.52739542E-01 -0.17718343E-01  0.41410547E-01 -0.15458649E+00  0.19142827E+00  0.26111972E+00  0.23692133E-01
 0.38332138E-01 -0.17218828E+00 -0.45269874E+00  0.15938226E-01  0.27363703E+00  0.51732361E-01  0.66328704E-01 -0.11631731E+00  0.20501047E-01  0.14490475E+00
-0.13102135E+00  0.64895456E-02  0.23140694E+00 -0.10610325E-01  0.10586043E+00 -0.26195452E-01  0.20779666E+00  0.33684265E-01
 0.10710188E+00  0.13623956E+00  0.14453477E+00  0.86504959E-01  0.26126213E-01  0.23581158E-01  0.57794604E-01  0.38121559E-01  0.27682832E-01  0.33666559E-01
 0.16655700E-01  0.24973044E-01  0.17400270E-01  0.28161492E-01  0.30174207E-01  0.39116547E-01  0.28793423E-01  0.58309965E-01  0.11477761E+00  0.14375459E+00
 0.10155662E+00  0.25539592E+00  0.30985819E-01  0.48272111E-01  0.46518855E-01  0.45092784E-01  0.52270297E-01  0.21983441E-01  0.52267574E-02  0.54696225E-01
 0.68998240E-01  0.17338927E+00  0.58980390E-01  0.17509095E-01  0.20963907E-01  0.44918034E-01  0.46020396E-01  0.44307776E-01  0.51776722E-01  0.45756646E-01
 0.45152135E-01  0.59853431E-01  0.44399172E-01  0.57095326E-01  0.17759183E-01  0.48130243E-02  0.41164111E-01  0.60828999E-01  0.59582002E-01  0.54659475E-01
 0.66030137E-01  0.29201059E-01  0.67780479E-02  0.69088601E-01  0.86926617E-01  0.31815350E+00  0.82030155E-01  0.23178898E-01  0.23097128E-01  0.55520378E-01
 0.59747137E-01  0.57299420E-01  0.70273295E-01  0.58826778E-01  0.60137909E-01  0.72325714E-01  0.57511155E-01  0.68534791E-01  0.27385123E-01  0.62461956E-02
 0.14545688E+00  0.35769805E-01  0.39459430E-01  0.39481863E-01  0.39146222E-01  0.47537416E-01  0.19640796E-01  0.48794621E-02  0.58684349E-01  0.65682918E-01
 0.19703791E+00  0.56257803E-01  0.16626505E-01  0.15569190E-01  0.37156817E-01  0.43515220E-01  0.43186534E-01  0.50833639E-01  0.51726684E-01  0.43585442E-01
 0.66055059E-01  0.45313518E-01  0.49173094E-01  0.22509634E-01  0.38389298E-02  0.25374874E+00  0.56947523E+00  0.29660848E+00  0.10081539E+00  0.79908863E-01
 0.95011972E-01  0.11004631E+00  0.10727188E+00  0.43281347E-01  0.96753072E-02  0.11927694E+00  0.11591494E+00  0.32189414E+00  0.12878788E+00  0.33831034E-01
 0.32848369E-01  0.82055181E-01  0.16337933E+00  0.96353680E-01  0.11316870E+00  0.13813326E+00  0.89986302E-01  0.15314366E+00  0.97402699E-01  0.13078161E+00
 0.69166988E-01  0.88181868E-02  0.81586197E-01  0.95907919E-01  0.11246455E+00  0.38187157E-01  0.34137323E-01  0.12680368E+00
 0.12800000E+03 -0.27782061E+05  0.11647650E+01 -0.27649560E+05  0.10992744E+01  0.55820123E+05  0.56600125E+05  0.56193412E+05  0.25192444E+03  0.17700000E+03
 0.18375849E-03  0.10519139E+01  0.98364268E+00  0.97366193E+00  0.11370663E-01  0.79728522E-02  0.14452021E-01  0.10000000E+01  0.22534295E-01  0.23040499E-05
