 0.77594560E+00  0.65075976E+00  0.10532523E+01  0.64963430E+00  0.54409891E+00  0.54793215E+00  0.49711382E+00 -0.63050784E-01  0.63473672E+00 -0.49255852E-01
 0.57608396E+00 -0.51228452E-01  0.58869886E+00 -0.31251170E-01  0.60978043E+00  0.22240670E+00 -0.15105169E+00  0.20197313E+00 -0.98368175E-01 -0.58387224E-01
 0.13035109E-01 -0.15623255E-01  0.36882773E-01  0.12283192E+00 -0.19145373E-01 -0.20447724E-01 -0.34758253E-02  0.62793985E-01  0.44525028E-02 -0.26663139E+00
 0.11031530E-01  0.14814279E-01 -0.22552138E-01 -0.18136185E-01  0.48432913E-01 -0.62719792E-01  0.22410471E-01 -0.12477300E+00 -0.37050443E-02 -0.12629694E+00
-0.63824534E-01  0.13501902E+00 -0.56588195E-01  0.60008927E-02 -0.34271367E-01 -0.13542508E+00  0.94403595E-01 -0.35699949E-01 -0.39490089E-01 -0.65601692E-01
 0.70231385E-02  0.53509872E-03 -0.24669947E+00  0.11595766E+00  0.57026064E-02 -0.73542565E-01  0.20090450E-01  0.37073955E-01 -0.45203017E-02 -0.48134901E-01
 0.17658633E+00  0.11000877E+00  0.24427629E+00 -0.44910600E-02  0.29070893E+00  0.15495645E+00 -0.11920551E+00  0.19054696E-01  0.54935197E-03 -0.36640441E+00
-0.29870952E-01 -0.21480308E+00 -0.68532512E-01 -0.16860862E+00 -0.55771451E-01  0.24322154E+00  0.78645861E-02  0.60956641E-02 -0.37707210E-01  0.10457344E+00
 0.14460653E+00 -0.13782428E+00 -0.55645257E-01 -0.83009452E-02  0.87927319E-01  0.48088914E+00 -0.99051870E-01 -0.19730039E+00  0.39939459E-01  0.56218889E-01
 0.89765683E-01  0.40528618E-01 -0.21114649E-01  0.13229084E+00 -0.97763734E-02 -0.23709662E+00  0.13467842E+00  0.46830198E+00  0.83704457E-01  0.33113740E-01
 0.17174818E-01  0.84286727E-01  0.15944260E+00 -0.22530481E+00  0.36373168E-01 -0.15818365E-01  0.33740535E-01 -0.15892152E+00 -0.42541023E-01  0.32703948E+00
 0.37708566E-01  0.34084000E-01 -0.17399691E+00 -0.47402498E+00  0.30370135E-01  0.29780635E+00  0.16021688E-01  0.76599009E-01 -0.10697893E+00  0.13191058E-01
 0.14158213E+00 -0.14054908E+00  0.62944647E-02 -0.14515998E-02  0.45478966E-01  0.80793567E-01  0.11447071E-01  0.21401672E+00 -0.21859137E-01  0.20539840E+00
 0.38701706E-02  0.71569645E+00 -0.25977192E-01  0.55243570E+00
 0.14018160E+00  0.12950923E+00  0.23081684E+00  0.28198063E-01  0.23605604E-01  0.74598946E-01  0.39874151E-01  0.17377939E-01  0.25533020E-01  0.17620845E-01
 0.28682772E-01  0.30854952E-01  0.39179072E-01  0.29950794E-01  0.59876312E-01  0.14984757E+00  0.11615330E+00  0.10469405E+00  0.31875595E+00  0.19856612E+00
 0.43004733E-01  0.63577943E-01  0.63207097E-01  0.57380602E-01  0.76986797E-01  0.31281225E-01  0.71853800E-02  0.71284540E-01  0.92880867E-01  0.34107581E+00
 0.88751316E-01  0.25812585E-01  0.24467245E-01  0.57946261E-01  0.65492995E-01  0.60639240E-01  0.79199463E-01  0.63943170E-01  0.66827372E-01  0.75108409E-01
 0.60992211E-01  0.74520983E-01  0.29154357E-01  0.63209622E-02  0.15451770E+00  0.31669423E-01  0.48777200E-01  0.47833778E-01  0.45544472E-01  0.56313030E-01
 0.23506990E-01  0.55684401E-02  0.55152543E-01  0.70852019E-01  0.20320797E+00  0.62349033E-01  0.18353481E-01  0.21469537E-01  0.45571074E-01  0.48240967E-01
 0.45487773E-01  0.55496376E-01  0.47691569E-01  0.47789589E-01  0.60216878E-01  0.45687973E-01  0.58491133E-01  0.18234719E-01  0.46946383E-02  0.17775093E+00
 0.48019994E-01  0.38389582E-01  0.41898027E-01  0.41123431E-01  0.40113781E-01  0.48405256E-01  0.20858072E-01  0.51840330E-02  0.65901697E-01  0.68462543E-01
 0.26371038E+00  0.59480663E-01  0.16652316E-01  0.16130330E-01  0.38217090E-01  0.44560120E-01  0.48472065E-01  0.54748144E-01  0.56983847E-01  0.45044716E-01
 0.74817486E-01  0.49247395E-01  0.53848572E-01  0.22863155E-01  0.39088605E-02  0.90738183E+00  0.34737673E+00  0.30549777E+00  0.93051396E-01  0.10714045E+00
 0.87587379E-01  0.10628909E+00  0.14541200E+00  0.11111391E+00  0.47223613E-01  0.10604915E-01  0.16400544E+00  0.12358303E+00  0.47913948E+00  0.13271552E+00
 0.38298037E-01  0.43278046E-01  0.83935335E-01  0.17469619E+00  0.13225280E+00  0.11543459E+00  0.20145109E+00  0.91762863E-01  0.22922298E+00  0.13024037E+00
 0.18691044E+00  0.83953768E-01  0.95377332E-02  0.16134939E+00  0.48481561E-01  0.16601765E+00  0.12683322E+00  0.99031158E-01  0.49633730E-01  0.35161771E-01
 0.13302217E+00  0.10649801E+00  0.28972687E-01  0.34079101E-01
 0.13400000E+03 -0.26937304E+05  0.12190698E+01 -0.26790087E+05  0.11160397E+01  0.54142609E+05  0.54954382E+05  0.54528608E+05  0.28317519E+03  0.18100000E+03
 0.17915604E-05  0.10397633E+01  0.97697471E+00  0.96247260E+00  0.13367760E-01  0.10281233E-01  0.16296602E-01  0.10000000E+01  0.22916475E-01  0.90469514E-06
