 0.81276327E+00  0.71355641E+00  0.10188065E+01  0.77355146E+00  0.64978659E+00  0.52804774E+00  0.61075479E+00  0.48598853E+00 -0.32587066E-01  0.56788319E+00
-0.71309932E-01  0.62199217E+00 -0.28665360E-01  0.56988019E+00 -0.67365944E-01  0.61522412E+00 -0.60018618E-01  0.69569826E+00  0.30214936E-01  0.68704210E-01
 0.73763138E+00 -0.90211360E-02 -0.70589008E-02  0.75298059E+00 -0.25794294E-01  0.22341970E-02  0.94639468E+00 -0.28257145E-01 -0.85112387E-02  0.96266854E+00
 0.36896516E-01 -0.15230586E-03  0.12974714E+01 -0.15714458E+00  0.67479737E-01  0.21964432E+00 -0.39451244E+00  0.16692774E+00  0.22634721E+00 -0.12676355E+00
 0.12083460E+00  0.32454379E-01 -0.75582288E-01 -0.82524873E-01 -0.10527107E-02  0.43392889E-02 -0.93048386E-01 -0.11856198E+00  0.31671025E-01  0.69781658E-02
 0.43430965E-01 -0.59151448E-01  0.16064472E+00  0.76267198E-01  0.26882258E+00 -0.14523500E-01  0.25343689E+00  0.12401807E+00 -0.11360960E+00  0.28328240E-01
-0.32835619E-02  0.28199272E-01 -0.24715558E-01  0.79652434E-02  0.15584365E+00  0.32429442E-01 -0.19853357E-01 -0.37943590E-02 -0.19198374E+00  0.29102841E-01
 0.11972152E-01  0.33558905E-01 -0.50344307E-01  0.10817579E+00 -0.40582795E-01  0.81521749E-01 -0.17410631E+00  0.22834094E-01 -0.81704490E-01 -0.30466335E-01
 0.19638531E+00 -0.59556130E-01  0.51484671E-02 -0.13115343E+01 -0.56830275E+00 -0.38634670E+00  0.81639618E-01 -0.14370248E+00 -0.15425470E+00  0.32599814E-01
-0.36539987E-02  0.12943772E-01 -0.18691750E-02 -0.17505215E+00 -0.27051970E-01 -0.56488616E-02  0.18553972E-01  0.36710373E+00 -0.49635615E-01 -0.12483692E+00
 0.23692732E+00  0.32793172E-01  0.33408001E+00  0.14538616E+00 -0.71619935E-01  0.14810948E+00 -0.11593644E-01  0.29467863E+00  0.21625733E+00  0.93668979E+00
 0.36900571E+00 -0.28852511E-01  0.23854268E+00  0.63179627E-01  0.14840432E+00  0.24233294E+00 -0.16014771E+00  0.62355787E-01 -0.18959371E-01  0.30944696E+00
 0.21340132E+00  0.84433824E-01  0.74344324E-02 -0.18263048E+00 -0.70210761E+00  0.23938663E+00  0.24386217E+00  0.19749539E+00 -0.86309062E-02 -0.13879292E+00
 0.11712056E-01 -0.67799389E-01 -0.11297892E+00  0.12512412E-01 -0.34286551E-01  0.33707324E-01 -0.93274675E-02  0.30981004E-01 -0.15187852E+00 -0.79472763E-02
 0.41953051E-02  0.23610300E+00  0.57537626E-01 -0.83053745E-02 -0.57519507E-02 -0.23330897E+00 -0.10767235E-01 -0.89221075E-01  0.45345072E-02 -0.41526850E-01
-0.47533583E-01  0.31164240E-01  0.26988208E-01  0.27910158E-01  0.13648792E-01  0.79540880E-02  0.16873842E+00 -0.18510548E-01 -0.60020398E-01  0.42924225E-01
 0.16131899E+00 -0.78324527E-01  0.24449101E-02  0.27380174E+00  0.13624577E+00 -0.41286949E-01  0.18541669E-01  0.18635212E+00 -0.17743480E-02  0.10931104E+00
 0.22129532E-01 -0.98684497E-01  0.10181608E+00 -0.79436377E-01 -0.94962083E-01  0.14451046E-01 -0.33128053E-01 -0.13140084E-01  0.87591141E-01  0.15725636E+00
-0.14358564E+00  0.19350965E+00  0.10055230E+00 -0.15393934E+00 -0.84724620E-01  0.48518326E-01  0.24068201E+00  0.53263731E-01 -0.14759909E+00  0.66329703E-01
-0.17903620E+00  0.64768118E+00
 0.11697668E+00  0.11188219E+00  0.29478291E+00  0.18569678E+00  0.26753321E-01  0.26671298E-01  0.57358082E-01  0.46745155E-01  0.35162881E-01  0.37474781E-01
 0.18913718E-01  0.29110873E-01  0.19396478E-01  0.32742165E-01  0.36447801E-01  0.47069982E-01  0.35185572E-01  0.75594753E-01  0.46298064E-01  0.30536262E-01
 0.90610825E-01  0.27032135E-01  0.19920591E-01  0.76133683E-01  0.36235575E-01  0.24070237E-01  0.10903710E+00  0.51242281E-01  0.44867989E-01  0.17540818E+00
 0.55145197E-01  0.54897431E-01  0.27893564E+00  0.12851661E+00  0.16124381E+00  0.44211245E+00  0.33495468E+00  0.11710802E+00  0.24933538E+00  0.36821425E-01
 0.58887478E-01  0.50513986E-01  0.52588273E-01  0.59829414E-01  0.24476597E-01  0.59491168E-02  0.18274651E+00  0.68098560E-01  0.19118121E-01  0.24509225E-01
 0.50981071E-01  0.54099988E-01  0.50950482E-01  0.57607088E-01  0.50144561E-01  0.51832102E-01  0.69053270E-01  0.52093729E-01  0.65745562E-01  0.21608327E-01
 0.54404591E-02  0.50100099E-01  0.74905276E-01  0.65605521E-01  0.62766008E-01  0.74665621E-01  0.35133045E-01  0.82533415E-02  0.38097841E+00  0.93845546E-01
 0.24998464E-01  0.27709799E-01  0.63090876E-01  0.71437344E-01  0.64532407E-01  0.81099913E-01  0.63166365E-01  0.69954306E-01  0.83846867E-01  0.66873044E-01
 0.84181130E-01  0.35770204E-01  0.64944159E-02  0.41005478E+01  0.15419098E+01  0.58229268E+00  0.57805449E+00  0.14422670E+00  0.28341776E+00  0.56143326E+00
 0.38438503E-01  0.26042968E-01  0.35982251E+00  0.42844403E+00  0.11650843E+00  0.37728958E-01  0.19158867E+00  0.26355833E+00  0.53734380E+00  0.31889582E+00
 0.10352329E+01  0.16597402E+00  0.10867468E+01  0.56721359E+00  0.45937043E+00  0.13356790E+00  0.87300306E-02  0.30287299E+00  0.55442601E+00  0.58990657E+00
 0.26097444E+00  0.21008344E+00  0.18938115E+00  0.11365306E+00  0.14343904E+00  0.14263341E+00  0.16123031E+00  0.56982938E-01  0.14397261E-01  0.49846351E+00
 0.18191040E+00  0.51843520E-01  0.46354275E-01  0.12085970E+00  0.29584932E+00  0.15980043E+00  0.17877582E+00  0.16562371E+00  0.12826023E+00  0.17367958E+00
 0.12327195E+00  0.17457458E+00  0.86989462E-01  0.10892434E-01  0.41735753E-01  0.49385220E-01  0.48016712E-01  0.47903944E-01  0.55410001E-01  0.23276562E-01
 0.65736119E-02  0.23560606E+00  0.63720107E-01  0.19556044E-01  0.19407062E-01  0.47507230E-01  0.53572580E-01  0.46265852E-01  0.60772330E-01  0.40142413E-01
 0.64833403E-01  0.48941039E-01  0.52200504E-01  0.52997462E-01  0.23447387E-01  0.45293723E-02  0.86370081E-01  0.10708084E+00  0.94925709E-01  0.95040672E-01
 0.11755710E+00  0.51024403E-01  0.14032579E-01  0.48193002E+00  0.19221672E+00  0.41698094E-01  0.52095816E-01  0.91505997E-01  0.10635616E+00  0.97186349E-01
 0.12040649E+00  0.91890082E-01  0.12387157E+00  0.11113665E+00  0.10637184E+00  0.11295386E+00  0.52603155E-01  0.89363474E-02  0.17877200E+00  0.22192726E+00
 0.28879681E+00  0.10051296E+01  0.31419584E+00  0.22875609E+00  0.45792866E-01  0.53062361E-01  0.64913861E-01  0.83520718E-01  0.95465846E-01  0.87625213E-01
 0.96402384E-01  0.24135272E+00
 0.19200000E+03 -0.30073604E+05  0.13958292E+01 -0.29894934E+05  0.12153241E+01  0.60531208E+05  0.61636644E+05  0.61026622E+05  0.32832386E+03  0.27300000E+03
 0.12148977E-01  0.10883756E+01  0.98282700E+00  0.97263643E+00  0.93080732E-02  0.46546214E-02  0.12825011E-01  0.10000000E+01  0.28792271E-01  0.43690263E-07
