 0.77788883E+00  0.64545912E+00  0.10567653E+01  0.64947587E+00  0.54424131E+00  0.54692805E+00  0.49747059E+00 -0.63027926E-01  0.63507956E+00 -0.49522564E-01
 0.57686383E+00 -0.50591528E-01  0.58832270E+00 -0.30799130E-01  0.60856003E+00  0.22846565E+00 -0.14742497E+00  0.22248471E+00 -0.12922446E+00 -0.59144139E-01
 0.14444862E-01 -0.10983200E-01  0.35471935E-01  0.12233355E+00 -0.16324095E-01 -0.20028377E-01 -0.34825495E-02  0.63547529E-01  0.33417693E-02 -0.26143661E+00
 0.10680619E-01  0.12077835E-01 -0.25878062E-01 -0.24704104E-01  0.48716225E-01 -0.61796993E-01  0.16693732E-01 -0.12545961E+00 -0.48792702E-02 -0.12535419E+00
-0.62383525E-01  0.13324574E+00 -0.56844231E-01  0.82104933E-02 -0.33723596E-01 -0.13701239E+00  0.92114329E-01 -0.37523568E-01 -0.39384309E-01 -0.68175696E-01
 0.65860548E-02  0.45244716E-03 -0.24701907E+00  0.11736940E+00  0.42279768E-02 -0.75232625E-01  0.20578466E-01  0.41772738E-01  0.63010519E-02 -0.49627766E-01
 0.17549400E+00  0.11363240E+00  0.24595354E+00 -0.34755922E-02  0.29168358E+00  0.15437956E+00 -0.11890988E+00  0.18926920E-01 -0.25110890E-02 -0.37362376E+00
-0.30237623E-01 -0.21805599E+00 -0.69808476E-01 -0.16891640E+00 -0.57780679E-01  0.24581759E+00  0.80773598E-02  0.60296371E-02 -0.39543014E-01  0.10482743E+00
 0.14241867E+00 -0.13572071E+00 -0.66566527E-01 -0.14345117E-02  0.98618656E-01  0.47971162E+00 -0.96947111E-01 -0.19017982E+00  0.43831177E-01  0.57392914E-01
 0.91716327E-01  0.40322598E-01 -0.22446269E-01  0.13270727E+00 -0.13052777E-01 -0.27265492E+00  0.14814490E+00  0.47346485E+00  0.81982687E-01  0.38643453E-01
 0.17253194E-01  0.85921310E-01  0.16736910E+00 -0.23289855E+00  0.35074312E-01 -0.16039498E-01  0.38188383E-01 -0.15662283E+00 -0.46444383E-01  0.32565609E+00
 0.64032689E-01  0.24072049E-01 -0.18572344E+00 -0.47235975E+00  0.23600752E-01  0.28380090E+00  0.66650631E-02  0.75227320E-01 -0.11651695E+00  0.87125758E-02
 0.14632165E+00 -0.14411551E+00  0.95335478E-02 -0.20140465E-02  0.45072142E-01  0.78544162E-01  0.13780545E-01  0.21214515E+00 -0.19865891E-01  0.20327264E+00
 0.32213395E-02  0.71751112E+00 -0.25301546E-01  0.55125368E+00
 0.13932212E+00  0.12696438E+00  0.22294736E+00  0.28001100E-01  0.23593022E-01  0.73416613E-01  0.39891537E-01  0.17326290E-01  0.25585299E-01  0.17619329E-01
 0.28703192E-01  0.30720863E-01  0.39128732E-01  0.29722791E-01  0.59739385E-01  0.15240167E+00  0.11742187E+00  0.10438618E+00  0.33775410E+00  0.18894465E+00
 0.42927589E-01  0.63560024E-01  0.63002892E-01  0.57366256E-01  0.76107845E-01  0.31294540E-01  0.71746469E-02  0.71062267E-01  0.92529088E-01  0.34129617E+00
 0.88496886E-01  0.25221549E-01  0.24466783E-01  0.57952672E-01  0.65364406E-01  0.60276575E-01  0.78879975E-01  0.63781172E-01  0.66431589E-01  0.75010143E-01
 0.61113872E-01  0.73973425E-01  0.29226018E-01  0.67902026E-02  0.14693725E+00  0.31642940E-01  0.48768781E-01  0.47845121E-01  0.45538366E-01  0.55944815E-01
 0.23475949E-01  0.55565047E-02  0.54990776E-01  0.70865549E-01  0.20166197E+00  0.62210470E-01  0.18254384E-01  0.21507882E-01  0.45534283E-01  0.48120033E-01
 0.45323476E-01  0.55332545E-01  0.47615521E-01  0.47662366E-01  0.60151890E-01  0.45653660E-01  0.58352005E-01  0.18211963E-01  0.49283863E-02  0.17865480E+00
 0.47387689E-01  0.38695566E-01  0.41809428E-01  0.41165642E-01  0.40124152E-01  0.48401382E-01  0.20890381E-01  0.52032843E-02  0.66028260E-01  0.68880774E-01
 0.26206174E+00  0.59373263E-01  0.16411025E-01  0.16485630E-01  0.38167644E-01  0.44622883E-01  0.48463043E-01  0.55120196E-01  0.57252701E-01  0.45051932E-01
 0.75102828E-01  0.49331736E-01  0.53950895E-01  0.22880880E-01  0.40821037E-02  0.98108125E+00  0.37620187E+00  0.31025329E+00  0.96637487E-01  0.11307603E+00
 0.87280922E-01  0.10938067E+00  0.15439934E+00  0.11260074E+00  0.48160948E-01  0.10798153E-01  0.17596865E+00  0.12706339E+00  0.49099123E+00  0.13437198E+00
 0.39432485E-01  0.49136735E-01  0.89299992E-01  0.17629084E+00  0.13842958E+00  0.11687478E+00  0.21706113E+00  0.92597470E-01  0.24558775E+00  0.13697921E+00
 0.19826744E+00  0.88871449E-01  0.12465985E-01  0.15383591E+00  0.48376326E-01  0.15976045E+00  0.12153223E+00  0.95013045E-01  0.49965784E-01  0.35278920E-01
 0.13531677E+00  0.10264093E+00  0.28529266E-01  0.34029648E-01
 0.13400000E+03 -0.26933081E+05  0.12180663E+01 -0.26785615E+05  0.11164706E+01  0.54134161E+05  0.54945935E+05  0.54520160E+05  0.28324653E+03  0.18100000E+03
 0.17675031E-05  0.10412561E+01  0.97699036E+00  0.96249809E+00  0.13372425E-01  0.10286571E-01  0.16300877E-01  0.10000000E+01  0.22951498E-01  0.80437683E-06
